Gen	 Best	 B_std_dev	 Mean	 M_std_dev	 Worst	 W_std_dev
0	 0,0000	 0,0000	 275631757586658830000000000000000000000000000000000000000000000000000000000000000000000000000000000000000000000000000000000000000000000000,0000	 389802169601493900000000000000000000000000000000000000000000000000000000000000000000000000000000000000000000000000000000000000000000000000,0000	 27563175737777583000000000000000000000000000000000000000000000000000000000000000000000000000000000000000000000000000000000000000000000000000,0000	 0,0000
1	 0,0000	 0,0000	 188324261489345170000000000000000000000000000000000000000000000000000000000000000000000000000000000000000000000000000,0000	 266330724722129100000000000000000000000000000000000000000000000000000000000000000000000000000000000000000000000000000,0000	 18832426148934517000000000000000000000000000000000000000000000000000000000000000000000000000000000000000000000000000000,0000	 0,0000
2	 0,0000	 0,0000	 3712192575439710000000000000000000000000000000000000000000000000000000000000000000000000000000000000000000000000000000000000000000000000,0000	 5249833086327547000000000000000000000000000000000000000000000000000000000000000000000000000000000000000000000000000000000000000000000000,0000	 261169697102196500000000000000000000000000000000000000000000000000000000000000000000000000000000000000000000000000000000000000000000000000,0000	 0,0000
3	 0,0000	 0,0000	 189443935260827980000000000000000000000000000000000000000000000000000000000000000000000000000000000000000000000000000000000000000,0000	 267914182555193540000000000000000000000000000000000000000000000000000000000000000000000000000000000000000000000000000000000000000,0000	 18944393526082796000000000000000000000000000000000000000000000000000000000000000000000000000000000000000000000000000000000000000000,0000	 0,0000
4	 0,0000	 0,0000	 336303717297429300000000000000000000000000000000000000,0000	 475605278078511750000000000000000000000000000000000000,0000	 33630371729742930000000000000000000000000000000000000000,0000	 0,0000
5	 0,0000	 0,0000	 86201632443002,8000	 121907517699550,9200	 8620163148480541,0000	 0,0000
6	 0,0000	 0,0000	 1807282596510488500000000000000000000000000000000,0000	 2555883559025995000000000000000000000000000000000,0000	 180728259651048850000000000000000000000000000000000,0000	 0,0000
7	 0,0000	 0,0000	 14624807345119604000000000000000000000000000000000000,0000	 20682600894561800000000000000000000000000000000000000,0000	 1462480734511960500000000000000000000000000000000000000,0000	 0,0000
8	 0,0000	 0,0000	 19559524190264802000000000000000000000000000000000000000000000000000000000000000000000000000000000000000000000000000000000000000000000000000000000000,0000	 27661344383437116000000000000000000000000000000000000000000000000000000000000000000000000000000000000000000000000000000000000000000000000000000000000,0000	 1955952419026480200000000000000000000000000000000000000000000000000000000000000000000000000000000000000000000000000000000000000000000000000000000000000,0000	 0,0000
9	 0,0000	 0,0000	 159100747670910170000000000000000000000000000000000000000000000000000000000000000000000000000000000000000000000,0000	 225002435139900770000000000000000000000000000000000000000000000000000000000000000000000000000000000000000000000,0000	 15910074767091017000000000000000000000000000000000000000000000000000000000000000000000000000000000000000000000000,0000	 0,0000
10	 0,0000	 0,0000	 166449351079909020000000000000000000000000000000000000000000000000000000000000000000000000000000000000000000000000,0000	 235394929745408100000000000000000000000000000000000000000000000000000000000000000000000000000000000000000000000000,0000	 16644935107990904000000000000000000000000000000000000000000000000000000000000000000000000000000000000000000000000000,0000	 0,0000
11	 0,0000	 0,0000	 467721817494541200000000000000000000000000000000000000000000000000000000000000000000000000000000000000000000000000000000000,0000	 661458537718573800000000000000000000000000000000000000000000000000000000000000000000000000000000000000000000000000000000000,0000	 46772181749454120000000000000000000000000000000000000000000000000000000000000000000000000000000000000000000000000000000000000,0000	 0,0000
12	 0,0000	 0,0000	 1640442112520596990,0000	 2319935483814599200,0000	 164044211252059700000,0000	 0,0000
13	 0,0000	 0,0000	 52068678909974980000000000000000000000000000000000000000000000,0000	 73636231889336570000000000000000000000000000000000000000000000,0000	 5206867890997498400000000000000000000000000000000000000000000000,0000	 0,0000
14	 0,0000	 0,0000	 1941201,3361	 2744971,7611	 194118369,4288	 0,0000
15	 0,0000	 0,0000	 443027239539628550000000,0000	 626535130657656600000000,0000	 44302723953962860000000000,0000	 0,0000
16	 0,0000	 0,0000	 5069446706688092000000000,0000	 7169280286325921000000000,0000	 506944670668809200000000000,0000	 0,0000
17	 0,0000	 0,0000	 124,7618	 161,2509	 10110,2285	 0,0000
18	 0,0000	 0,0000	 77,6655	 95,6810	 6609,6128	 0,0000
19	 0,0000	 0,0000	 34,4970	 36,4670	 2296,7399	 0,0000
20	 0,0000	 0,0000	 38897175050855070000000000000000000000000000000000000000000000000000000000000000000000000000000000000000000000000000,0000	 55008912494919620000000000000000000000000000000000000000000000000000000000000000000000000000000000000000000000000000,0000	 3889717505085507000000000000000000000000000000000000000000000000000000000000000000000000000000000000000000000000000000,0000	 0,0000
21	 0,0000	 0,0000	 12,3965	 1,1303	 165,8989	 0,0000
22	 0,0000	 0,0000	 13,2983	 2,8151	 159,0769	 0,0000
23	 0,0000	 0,0000	 11,2821	 3,9608	 104,8367	 0,0000
24	 0,0000	 0,0000	 31,7478	 30,4942	 2293,3086	 0,0000
25	 0,0000	 0,0000	 125,6231	 161,6441	 9180,1225	 0,0000
26	 0,0000	 0,0000	 14485253,0807	 20485160,6068	 1448524238,0301	 0,0000
27	 0,0000	 0,0000	 231053359297365240000000000000000000000000000000000000000000000000000000000000000000000000000000000000000000000,0000	 326758794350197560000000000000000000000000000000000000000000000000000000000000000000000000000000000000000000000,0000	 23105335929736523000000000000000000000000000000000000000000000000000000000000000000000000000000000000000000000000,0000	 0,0000
28	 0,0000	 0,0000	 95,6377	 60,9512	 6462,4493	 0,0000
29	 0,0000	 0,0000	 1219,8510	 1642,5579	 121148,6100	 0,0000
30	 0,0000	 0,0000	 39,3594	 45,9429	 2295,0039	 0,0000
31	 0,0000	 0,0000	 5009269301659086000000000000000000000000000000000000000000000000000000000000000000000000000000000,0000	 7084176583985483000000000000000000000000000000000000000000000000000000000000000000000000000000000,0000	 500926930165908650000000000000000000000000000000000000000000000000000000000000000000000000000000000,0000	 0,0000
32	 0,0000	 0,0000	 10572963123262290000000000000000000000000000000000,0000	 14952427843388128000000000000000000000000000000000,0000	 1057296312326229000000000000000000000000000000000000,0000	 0,0000
33	 0,0000	 0,0000	 501,2548	 687,5870	 41666,7792	 0,0000
34	 0,0000	 0,0000	 50066256357020310000000000000000000,0000	 70804378749002300000000000000000000,0000	 5006625635702029000000000000000000000,0000	 0,0000
35	 0,0000	 0,0000	 97,6652	 85,9403	 6297,4552	 0,0000
36	 0,0000	 0,0000	 34,1018	 34,6169	 2385,4648	 0,0000
37	 0,0000	 0,0000	 1072228400692715700000000000000000000000000000000000000000000000,0000	 1516359946221251800000000000000000000000000000000000000000000000,0000	 107222840069271570000000000000000000000000000000000000000000000000,0000	 0,0000
38	 0,0000	 0,0000	 1072228400692715700000000000000000000000000000000000000000000000,0000	 1516359946221251800000000000000000000000000000000000000000000000,0000	 107222840069271570000000000000000000000000000000000000000000000000,0000	 0,0000
39	 0,0000	 0,0000	 18,7994	 11,6949	 743,4627	 0,0000
40	 0,0000	 0,0000	 77868176396676105000000000000000000000000000000000000000000000000000000000000000000000000000000000000000000000000000,0000	 110122231137439880000000000000000000000000000000000000000000000000000000000000000000000000000000000000000000000000000,0000	 7786817569888624000000000000000000000000000000000000000000000000000000000000000000000000000000000000000000000000000000,0000	 0,0000
41	 0,0000	 0,0000	 350,1951	 272,1140	 23591,5455	 0,0000
42	 0,0000	 0,0000	 124,5840	 161,6591	 2312,6552	 0,0000
43	 0,0000	 0,0000	 10,5401	 1,2158	 58,7137	 0,0000
44	 0,0000	 0,0000	 43060,7564	 60672,4678	 4299003,4461	 0,0000
45	 0,0000	 0,0000	 3294349457358117000000000000000000000000000000000000000000000000000000000000000000000000000000000000,0000	 4658913681792295000000000000000000000000000000000000000000000000000000000000000000000000000000000000,0000	 329434945735811700000000000000000000000000000000000000000000000000000000000000000000000000000000000000,0000	 0,0000
46	 0,0000	 0,0000	 4268321034366851000000000000000000000000000000000000000000000000000000000000000000000000000000000000000000000000000000000,0000	 6036317495363958000000000000000000000000000000000000000000000000000000000000000000000000000000000000000000000000000000000,0000	 426832103436685100000000000000000000000000000000000000000000000000000000000000000000000000000000000000000000000000000000000,0000	 0,0000
47	 0,0000	 0,0000	 6606409490921436500000000000000000000000000000000000000000000000000000000000000000000000000000,0000	 9342873900601748000000000000000000000000000000000000000000000000000000000000000000000000000000,0000	 660640949092143600000000000000000000000000000000000000000000000000000000000000000000000000000000,0000	 0,0000
48	 0,0000	 0,0000	 48505229804472850000000000000000000000000000000,0000	 68596753835509170000000000000000000000000000000,0000	 4850522980447285500000000000000000000000000000000,0000	 0,0000
49	 0,0000	 0,0000	 67283150939253560000000000000000000000000000000000000000000000000000000000000000000000000000000000000000000,0000	 95152744577488430000000000000000000000000000000000000000000000000000000000000000000000000000000000000000000,0000	 6728315093925356000000000000000000000000000000000000000000000000000000000000000000000000000000000000000000000,0000	 0,0000
50	 0,0000	 0,0000	 1072228400692715700000000000000000000000000000000000000000000000,0000	 1516359946221251800000000000000000000000000000000000000000000000,0000	 107222840069271570000000000000000000000000000000000000000000000000,0000	 0,0000
51	 0,0000	 0,0000	 543197222634770800000000000000000000000000000000000000000000000000000000000000000000000000000000000000000000000000000000000000000000000000000000000,0000	 768196879293490400000000000000000000000000000000000000000000000000000000000000000000000000000000000000000000000000000000000000000000000000000000000,0000	 54319722263477080000000000000000000000000000000000000000000000000000000000000000000000000000000000000000000000000000000000000000000000000000000000000,0000	 0,0000
52	 0,0000	 0,0000	 56,5881	 63,1849	 2349,9337	 0,0000
53	 0,0000	 0,0000	 1133143286215788600000000000000000000000000000000000000000000000000000,0000	 1602506603478386000000000000000000000000000000000000000000000000000000,0000	 113314328621578860000000000000000000000000000000000000000000000000000000,0000	 0,0000
54	 0,0000	 0,0000	 24211738556952740000000,0000	 34240569035874160000000,0000	 2421173855695274400000000,0000	 0,0000
55	 0,0000	 0,0000	 1941096,7880	 2745098,0684	 194108902,0085	 0,0000
56	 0,0000	 0,0000	 1947718,1762	 2754409,9482	 194110631,2020	 0,0000
57	 0,0000	 0,0000	 9,7535	 2,2304	 56,3898	 0,0000
58	 0,0000	 0,0000	 796843479577595600000000000000000000000000000000000000000000000000000000000000000000000000000000000000000,0000	 1126906855907204000000000000000000000000000000000000000000000000000000000000000000000000000000000000000000,0000	 79684347957759560000000000000000000000000000000000000000000000000000000000000000000000000000000000000000000,0000	 0,0000
59	 0,0000	 0,0000	 22,8818	 14,0021	 1208,3918	 0,0000
60	 0,0000	 0,0000	 1072228400692715700000000000000000000000000000000000000000000000,0000	 1516359946221251800000000000000000000000000000000000000000000000,0000	 107222840069271570000000000000000000000000000000000000000000000000,0000	 0,0000
61	 0,0000	 0,0000	 71773936015217120,0000	 101503673737618784,0000	 7177393601521712100,0000	 0,0000
62	 0,0000	 0,0000	 1072228400692715700000000000000000000000000000000000000000000000,0000	 1516359946221251800000000000000000000000000000000000000000000000,0000	 107222840069271570000000000000000000000000000000000000000000000000,0000	 0,0000
63	 0,0000	 0,0000	 1072228400692723800000000000000000000000000000000000000000000000,0000	 1516359946221263300000000000000000000000000000000000000000000000,0000	 107222840069271570000000000000000000000000000000000000000000000000,0000	 0,0000
64	 0,0000	 0,0000	 35219069501,1084	 49807285727,6271	 3521906944311,0664	 0,0000
65	 0,0000	 0,0000	 21236720796995747000000000000000000000000000000000000000000000000000000000000000000000,0000	 30033258571442150000000000000000000000000000000000000000000000000000000000000000000000,0000	 2123672079699574600000000000000000000000000000000000000000000000000000000000000000000000,0000	 0,0000
66	 0,0000	 0,0000	 35219069523,2453	 49807285715,2210	 3521906945753,8790	 0,0000
67	 0,0000	 0,0000	 125,3120	 143,7795	 5576,9532	 0,0000
68	 0,0000	 0,0000	 91923928672,7183	 130000066554,0734	 9192392859142,2580	 0,0000
69	 0,0000	 0,0000	 172143174087368900000000000000000000000000000000000000000000000000000000000000,0000	 243447211464309830000000000000000000000000000000000000000000000000000000000000,0000	 17214317408736890000000000000000000000000000000000000000000000000000000000000000,0000	 0,0000
70	 0,0000	 0,0000	 8,7827	 2,3804	 83,6925	 0,0000
71	 0,0000	 0,0000	 67838,0461	 95925,6417	 6783064,5129	 0,0000
72	 0,0000	 0,0000	 101453622905730640000000000000,0000	 143477089465169960000000000000,0000	 10145362289580188000000000000000,0000	 0,0000
73	 0,0000	 0,0000	 57861211682507650000000,0000	 81828110296742900000000,0000	 5786121168250765000000000,0000	 0,0000
74	 0,0000	 0,0000	 53165193382624780000000000000000000000000000000000000000000000000000000000000000000000000000000,0000	 75186937527896300000000000000000000000000000000000000000000000000000000000000000000000000000000,0000	 5316519338262478000000000000000000000000000000000000000000000000000000000000000000000000000000000,0000	 0,0000
75	 0,0000	 0,0000	 14653221950724390000000000000000000000000000000000000000000000000000000000000000000000000000000000000000000000000000000000000000000000000000000000,0000	 20722785215177575000000000000000000000000000000000000000000000000000000000000000000000000000000000000000000000000000000000000000000000000000000000,0000	 1465322195072439100000000000000000000000000000000000000000000000000000000000000000000000000000000000000000000000000000000000000000000000000000000000,0000	 0,0000
76	 0,0000	 0,0000	 4388205238299107000000000000000000000000000000,0000	 6205859362479257000000000000000000000000000000,0000	 438820523829910700000000000000000000000000000000,0000	 0,0000
77	 0,0000	 0,0000	 688364665342244700000000000000000000000000000000000000000000000000000000000000000000000000000000000000000000000000000000000000000000000000000000000000,0000	 973494645585419200000000000000000000000000000000000000000000000000000000000000000000000000000000000000000000000000000000000000000000000000000000000000,0000	 68836466534224470000000000000000000000000000000000000000000000000000000000000000000000000000000000000000000000000000000000000000000000000000000000000000,0000	 0,0000
78	 0,0000	 0,0000	 35286515682356560000000000000000000000000000000000000000000000000000000000000000000000000000000000000000000,0000	 49902669046879560000000000000000000000000000000000000000000000000000000000000000000000000000000000000000000,0000	 3528651568235656000000000000000000000000000000000000000000000000000000000000000000000000000000000000000000000,0000	 0,0000
79	 0,0000	 0,0000	 13401242638406934000000000000000000000000000000000000000000000000000000000000000000000000000000000000000000000000000000000000000000000000,0000	 18952219091887686000000000000000000000000000000000000000000000000000000000000000000000000000000000000000000000000000000000000000000000000,0000	 1340124263840693400000000000000000000000000000000000000000000000000000000000000000000000000000000000000000000000000000000000000000000000000,0000	 0,0000
80	 0,0000	 0,0000	 20981955023882940000000000000000000000000000000000000000000000000000000000000000000000000000000000000000000000000,0000	 29672965359877554000000000000000000000000000000000000000000000000000000000000000000000000000000000000000000000000,0000	 2098195502388294200000000000000000000000000000000000000000000000000000000000000000000000000000000000000000000000000,0000	 0,0000
81	 0,0000	 0,0000	 515600811472116200000000000000000000000000000000000000000000000000000000000000000000000000000000000000000000000000000000000000000000000000,0000	 729169660354440100000000000000000000000000000000000000000000000000000000000000000000000000000000000000000000000000000000000000000000000000,0000	 51560081147211620000000000000000000000000000000000000000000000000000000000000000000000000000000000000000000000000000000000000000000000000000,0000	 0,0000
82	 0,0000	 0,0000	 2486408433284214400000000000000000000000000000000000000000000000000000000000000000000000000000,0000	 3516312527949375000000000000000000000000000000000000000000000000000000000000000000000000000000,0000	 248640843328421460000000000000000000000000000000000000000000000000000000000000000000000000000000,0000	 0,0000
83	 0,0000	 0,0000	 6,0112	 4,6024	 67,8078	 0,0000
84	 0,0000	 0,0000	 107537251745409780000000000000000000000000000000000000000000000000000000000000000000000000000000000000000000,0000	 152080639878688300000000000000000000000000000000000000000000000000000000000000000000000000000000000000000000,0000	 10753725174540978000000000000000000000000000000000000000000000000000000000000000000000000000000000000000000000,0000	 0,0000
85	 0,0000	 0,0000	 108836512270777780000,0000	 153918071734719700000,0000	 10883651227077778000000,0000	 0,0000
86	 0,0000	 0,0000	 16544791870366780000000000,0000	 23397869049712825000000000,0000	 1654479187036678000000000000,0000	 0,0000
87	 0,0000	 0,0000	 27,6854	 31,6432	 2292,8480	 0,0000
88	 0,0000	 0,0000	 20504495047618387000000000000000000000000000000000000000000000000000000000000000000000000000000000000000000000000000000000000000000000000000000,0000	 28997734985953880000000000000000000000000000000000000000000000000000000000000000000000000000000000000000000000000000000000000000000000000000000,0000	 2050449504761838700000000000000000000000000000000000000000000000000000000000000000000000000000000000000000000000000000000000000000000000000000000,0000	 0,0000
89	 0,0000	 0,0000	 23949183022210875000000000000000000000000000000000000000000000000,0000	 33869259437766086000000000000000000000000000000000000000000000000,0000	 2394918302221087400000000000000000000000000000000000000000000000000,0000	 0,0000
90	 0,0000	 0,0000	 2140282724,5228	 3026816849,9273	 214028267575,6105	 0,0000
91	 0,0000	 0,0000	 30,6440	 27,7958	 2440,3060	 0,0000
92	 0,0000	 0,0000	 24098217,7123	 34080018,5923	 2409821131,8765	 0,0000
93	 0,0000	 0,0000	 2888443772640,2734	 4084876357412,8860	 288844377254676,6000	 0,0000
94	 0,0000	 0,0000	 475134284458635000000000000000000000000000000000000000000000000000,0000	 671941349029837700000000000000000000000000000000000000000000000000,0000	 47513428445863506000000000000000000000000000000000000000000000000000,0000	 0,0000
95	 0,0000	 0,0000	 5,2258	 0,8426	 85,8891	 0,0000
96	 0,0000	 0,0000	 49,3771	 1,2053	 4518,1140	 0,0000
97	 0,0000	 0,0000	 63,0297	 78,8293	 5055,4328	 0,0000
98	 0,0000	 0,0000	 4,7015	 2,7153	 159,4221	 0,0000
99	 0,0000	 0,0000	 6279068914272790000000000000000000000000000000,0000	 8879944417639885000000000000000000000000000000,0000	 627906891427279000000000000000000000000000000000,0000	 0,0000
100	 0,0000	 0,0000	 1072228400692715700000000000000000000000000000000000000000000000,0000	 1516359946221251800000000000000000000000000000000000000000000000,0000	 107222840069271570000000000000000000000000000000000000000000000000,0000	 0,0000
101	 0,0000	 0,0000	 1072228400692715700000000000000000000000000000000000000000000000,0000	 1516359946221251800000000000000000000000000000000000000000000000,0000	 107222840069271570000000000000000000000000000000000000000000000000,0000	 0,0000
102	 0,0000	 0,0000	 39,5175	 16,3169	 3420,5241	 0,0000
103	 0,0000	 0,0000	 88706321424814780000,0000	 125449682827200120000,0000	 8870632142481479000000,0000	 0,0000
104	 0,0000	 0,0000	 292317106175404500000000000000000000000000000000000000000000000000000000000000000000000000000000,0000	 413398816066913000000000000000000000000000000000000000000000000000000000000000000000000000000000,0000	 29231710617540450000000000000000000000000000000000000000000000000000000000000000000000000000000000,0000	 0,0000
105	 0,0000	 0,0000	 5,9380	 2,0506	 84,5531	 0,0000
106	 0,0000	 0,0000	 5,7519	 0,8076	 150,3367	 0,0000
107	 0,0000	 0,0000	 32,6345	 40,5235	 2292,7777	 0,0000
108	 0,0000	 0,0000	 2319369256194018300,0000	 3280083458260778500,0000	 231936925619401850000,0000	 0,0000
109	 0,0000	 0,0000	 28686524673152423000000000000000000000000000000000000000000000000000000000,0000	 40568872250122573000000000000000000000000000000000000000000000000000000000,0000	 2868652467315242300000000000000000000000000000000000000000000000000000000000,0000	 0,0000
110	 0,0000	 0,0000	 150483970871383360000000,0000	 212816472526068100000000,0000	 15048397087138335000000000,0000	 0,0000
111	 0,0000	 0,0000	 58,1746	 78,8529	 2289,7386	 0,0000
112	 0,0000	 0,0000	 1564413960313215200000000000000000000000000000000000000000000000000000000000000000000000000000000,0000	 2212415439840754000000000000000000000000000000000000000000000000000000000000000000000000000000000,0000	 156441396031321340000000000000000000000000000000000000000000000000000000000000000000000000000000000,0000	 0,0000
113	 0,0000	 0,0000	 23610651792845810000000000000000000000000000000000,0000	 33390503981911177000000000000000000000000000000000,0000	 2361065179284581000000000000000000000000000000000000,0000	 0,0000
114	 0,0000	 0,0000	 197,9722	 203,0447	 7316,9329	 0,0000
115	 0,0000	 0,0000	 104701341900483460000000000000000000000000000000000000000000000000000000000000000000000000000000000000000000,0000	 148070057714326100000000000000000000000000000000000000000000000000000000000000000000000000000000000000000000,0000	 10470134190048346000000000000000000000000000000000000000000000000000000000000000000000000000000000000000000000,0000	 0,0000
116	 0,0000	 0,0000	 1072228400692715700000000000000000000000000000000000000000000000,0000	 1516359946221251800000000000000000000000000000000000000000000000,0000	 107222840069271570000000000000000000000000000000000000000000000000,0000	 0,0000
117	 0,0000	 0,0000	 148867618611903240000000000000000000000000000000000,0000	 210530605239138960000000000000000000000000000000000,0000	 14886761861190325000000000000000000000000000000000000,0000	 0,0000
118	 0,0000	 0,0000	 5782690200065993,0000	 8177958907935034,0000	 578269020006591740,0000	 0,0000
119	 0,0000	 0,0000	 8667608009922763000000000000000000000000000000000000000000000000000000000000000000000000000000000,0000	 12257848800966444000000000000000000000000000000000000000000000000000000000000000000000000000000000,0000	 866760800992276400000000000000000000000000000000000000000000000000000000000000000000000000000000000,0000	 0,0000
120	 0,0000	 0,0000	 93143673442170560000000000000000000000000000000000000000000000000000000000000000000000000000000000000000000,0000	 131725046231168260000000000000000000000000000000000000000000000000000000000000000000000000000000000000000000,0000	 9314367344217056000000000000000000000000000000000000000000000000000000000000000000000000000000000000000000000,0000	 0,0000
121	 0,0000	 0,0000	 19992584044604260000000000000,0000	 28273783502763294000000000000,0000	 1999258404460426000000000000000,0000	 0,0000
122	 0,0000	 0,0000	 52,8262	 64,2794	 2318,8193	 0,0000
123	 0,0000	 0,0000	 118,1760	 157,0225	 2349,6845	 0,0000
124	 0,0000	 0,0000	 52,8167	 63,1841	 2368,9026	 0,0000
125	 0,0000	 0,0000	 34,8083	 41,0931	 2289,7386	 0,0000
126	 0,0000	 0,0000	 1295887893157492800000000000000000000000000000000000000000000000000000000000000000000000000000000000000000000000000000000000000000000000000,0000	 1832662233818422700000000000000000000000000000000000000000000000000000000000000000000000000000000000000000000000000000000000000000000000000,0000	 129588789315749280000000000000000000000000000000000000000000000000000000000000000000000000000000000000000000000000000000000000000000000000000,0000	 0,0000
127	 0,0000	 0,0000	 2114,0308	 2978,3933	 206035,9310	 0,0000
128	 0,0000	 0,0000	 53,1924	 66,1058	 2332,5783	 0,0000
129	 0,0000	 0,0000	 71,2306	 91,6711	 2349,6845	 0,0000
130	 0,0000	 0,0000	 52,4719	 1,6677	 4524,8653	 0,0000
131	 0,0000	 0,0000	 1109,8828	 1534,9197	 95468,2437	 0,0000
132	 0,0000	 0,0000	 63894586958501710000000000000000000000000000000000000000000000000000000,0000	 90360591438940200000000000000000000000000000000000000000000000000000000,0000	 6389458695850171000000000000000000000000000000000000000000000000000000000,0000	 0,0000
133	 0,0000	 0,0000	 1072228400692715700000000000000000000000000000000000000000000000,0000	 1516359946221251800000000000000000000000000000000000000000000000,0000	 107222840069271570000000000000000000000000000000000000000000000000,0000	 0,0000
134	 0,0000	 0,0000	 765667,6309	 1082808,5258	 55824804,7246	 0,0000
135	 0,0000	 0,0000	 71,0801	 94,2411	 4260,6073	 0,0000
136	 0,0000	 0,0000	 74,2300	 97,9894	 2291,5166	 0,0000
137	 0,0000	 0,0000	 408413352537568830,0000	 577583702212882430,0000	 40841335253756850000,0000	 0,0000
138	 0,0000	 0,0000	 2024,3100	 2774,2843	 201574,8799	 0,0000
139	 0,0000	 0,0000	 44425748043690390000000000000000000000000000000000000000000000000000000000000000000000000000000000000000000000000000,0000	 62827495401956940000000000000000000000000000000000000000000000000000000000000000000000000000000000000000000000000000,0000	 4442574804369039000000000000000000000000000000000000000000000000000000000000000000000000000000000000000000000000000000,0000	 0,0000
140	 0,0000	 0,0000	 8,4338	 6,5212	 496,0018	 0,0000
141	 0,0000	 0,0000	 19146938669745170000000000000000000000000000000000000000000000000000000000000,0000	 27077860344679486000000000000000000000000000000000000000000000000000000000000,0000	 1914693866974517000000000000000000000000000000000000000000000000000000000000000,0000	 0,0000
142	 0,0000	 0,0000	 1068754,9897	 1505982,4137	 106874248,4043	 0,0000
143	 0,0000	 0,0000	 1072228400692715700000000000000000000000000000000000000000000000,0000	 1516359946221251800000000000000000000000000000000000000000000000,0000	 107222840069271570000000000000000000000000000000000000000000000000,0000	 0,0000
144	 0,0000	 0,0000	 52,1896	 69,8617	 2320,8024	 0,0000
145	 0,0000	 0,0000	 97,1870	 65,1602	 4524,8653	 0,0000
146	 0,0000	 0,0000	 15584046145459924000000000000000000000000000000000000000000000000,0000	 22039169415557580000000000000000000000000000000000000000000000000,0000	 1558404614545992300000000000000000000000000000000000000000000000000,0000	 0,0000
147	 0,0000	 0,0000	 13773,5329	 19469,5834	 1177378,4742	 0,0000
148	 0,0000	 0,0000	 6310701229087993000000000000000000000000000000000000000000000000000000000000000000000000000000000000000000000000000000000000000000000000000000000000,0000	 8924679266260800000000000000000000000000000000000000000000000000000000000000000000000000000000000000000000000000000000000000000000000000000000000000,0000	 631070122908799200000000000000000000000000000000000000000000000000000000000000000000000000000000000000000000000000000000000000000000000000000000000000,0000	 0,0000
149	 0,0000	 0,0000	 375752,1841	 531091,6071	 37566401,0782	 0,0000
150	 0,0000	 0,0000	 203701389698546680000000000000000000000000000000000000000000000000000000000,0000	 288077267985931800000000000000000000000000000000000000000000000000000000000,0000	 20370138925955798000000000000000000000000000000000000000000000000000000000000,0000	 0,0000
151	 0,0000	 0,0000	 5009269301659086000000000000000000000000000000000000000000000000000000000000000000000000000000000,0000	 7084176583985483000000000000000000000000000000000000000000000000000000000000000000000000000000000,0000	 500926930165908650000000000000000000000000000000000000000000000000000000000000000000000000000000000,0000	 0,0000
152	 0,0000	 0,0000	 742701619904423500000000000000000000000000000000000000000000000000000000000000000000000000000000000,0000	 1050338703665303100000000000000000000000000000000000000000000000000000000000000000000000000000000000,0000	 74270161990442350000000000000000000000000000000000000000000000000000000000000000000000000000000000000,0000	 0,0000
153	 0,0000	 0,0000	 1072228400692715700000000000000000000000000000000000000000000000,0000	 1516359946221251800000000000000000000000000000000000000000000000,0000	 107222840069271570000000000000000000000000000000000000000000000000,0000	 0,0000
154	 0,0000	 0,0000	 16585785275131786000000000000000000000000000000000000000000,0000	 23455842478699348000000000000000000000000000000000000000000,0000	 1658578527513178600000000000000000000000000000000000000000000,0000	 0,0000
155	 0,0000	 0,0000	 44,4256	 51,7840	 2342,7795	 0,0000
156	 0,0000	 0,0000	 412822962030686,7000	 583819831566546,5000	 41282296203051592,0000	 0,0000
157	 0,0000	 0,0000	 291,9387	 406,3098	 25425,0270	 0,0000
158	 0,0000	 0,0000	 5291,3716	 7480,1110	 528752,0695	 0,0000
159	 0,0000	 0,0000	 595,9376	 834,8174	 54269,6857	 0,0000
160	 0,0000	 0,0000	 795,5174	 1119,9853	 69617,3982	 0,0000
161	 0,0000	 0,0000	 220673128801090940000000000000000000000000000000000,0000	 312078931601807630000000000000000000000000000000000,0000	 22067312880109092000000000000000000000000000000000000,0000	 0,0000
162	 0,0000	 0,0000	 556803,2096	 787103,7579	 55673387,0487	 0,0000
163	 0,0000	 0,0000	 59,7547	 17,3837	 4879,7555	 0,0000
164	 0,0000	 0,0000	 101027,0047	 11139,0204	 10091100,4433	 0,0000
165	 0,0000	 0,0000	 1072228400692715700000000000000000000000000000000000000000000000,0000	 1516359946221251800000000000000000000000000000000000000000000000,0000	 107222840069271570000000000000000000000000000000000000000000000000,0000	 0,0000
166	 0,0000	 0,0000	 1072228400692715700000000000000000000000000000000000000000000000,0000	 1516359946221251800000000000000000000000000000000000000000000000,0000	 107222840069271570000000000000000000000000000000000000000000000000,0000	 0,0000
167	 0,0000	 0,0000	 605,4428	 672,8943	 53597,4280	 0,0000
168	 0,0000	 0,0000	 543,1899	 765,5334	 48940,5448	 0,0000
169	 0,0000	 0,0000	 1333301454231051000000000000000000000000000000000000000000000000000000000000000000000000000000000000000000000000000000000000000000000000000000,0000	 1885572999305322700000000000000000000000000000000000000000000000000000000000000000000000000000000000000000000000000000000000000000000000000000,0000	 133330145423105100000000000000000000000000000000000000000000000000000000000000000000000000000000000000000000000000000000000000000000000000000000,0000	 0,0000
170	 0,0000	 0,0000	 27,9413	 34,4971	 2290,0082	 0,0000
171	 0,0000	 0,0000	 14177904158624366000000000000000000000000000000000000000000000000000000000000000000000000000000000000000000000000000000000000000000000,0000	 20050584347152483000000000000000000000000000000000000000000000000000000000000000000000000000000000000000000000000000000000000000000000,0000	 1417790415862436500000000000000000000000000000000000000000000000000000000000000000000000000000000000000000000000000000000000000000000000,0000	 0,0000
172	 0,0000	 0,0000	 77,6009	 95,5720	 2513,2457	 0,0000
173	 0,0000	 0,0000	 111,5489	 149,8563	 8222,6043	 0,0000
174	 0,0000	 0,0000	 73,4647	 91,1375	 2370,9150	 0,0000
175	 0,0000	 0,0000	 29526072216924497000000000000000000000000000000000000000000000000000000,0000	 41756171772782065000000000000000000000000000000000000000000000000000000,0000	 2952607221692449800000000000000000000000000000000000000000000000000000000,0000	 0,0000
176	 0,0000	 0,0000	 110859623873242630000000000000000000000000000000000000000000000000000000000000,0000	 156779183601119870000000000000000000000000000000000000000000000000000000000000,0000	 11085962387324262000000000000000000000000000000000000000000000000000000000000000,0000	 0,0000
177	 0,0000	 0,0000	 3003978217690124600000000000000000000000000000000000000000000000000000000000000000000000000000000,0000	 4248266736530732000000000000000000000000000000000000000000000000000000000000000000000000000000000,0000	 300397821769012460000000000000000000000000000000000000000000000000000000000000000000000000000000000,0000	 0,0000
178	 0,0000	 0,0000	 73,3454	 93,9324	 2320,8656	 0,0000
179	 0,0000	 0,0000	 96,8716	 80,0273	 3926,1195	 0,0000
180	 0,0000	 0,0000	 680460667521604600000,0000	 962316704670502700000,0000	 68046066752160465000000,0000	 0,0000
181	 0,0000	 0,0000	 124890,6564	 176610,5718	 12476436,9765	 0,0000
182	 0,0000	 0,0000	 34823426218173575000000000000000000000000000000000000000000000000000000000000000000000000000000000000000000000000000000000000000000000000000000000000,0000	 49247761646039890000000000000000000000000000000000000000000000000000000000000000000000000000000000000000000000000000000000000000000000000000000000000,0000	 3482342621817357500000000000000000000000000000000000000000000000000000000000000000000000000000000000000000000000000000000000000000000000000000000000000,0000	 0,0000
183	 0,0000	 0,0000	 60,8965	 55,3628	 2961,9268	 0,0000
184	 0,0000	 0,0000	 1610,7476	 2086,1493	 100495,5695	 0,0000
185	 0,0000	 0,0000	 24093,2630	 34065,4790	 2408199,8712	 0,0000
186	 0,0000	 0,0000	 1072228400692715700000000000000000000000000000000000000000000000,0000	 1516359946221251800000000000000000000000000000000000000000000000,0000	 107222840069271570000000000000000000000000000000000000000000000000,0000	 0,0000
187	 0,0000	 0,0000	 29648551922297843000000000000000000000000000000000000000000000000000000,0000	 41929384233236510000000000000000000000000000000000000000000000000000000,0000	 2964855192229784300000000000000000000000000000000000000000000000000000000,0000	 0,0000
188	 0,0000	 0,0000	 280,2089	 390,3227	 17593,3866	 0,0000
189	 0,0000	 0,0000	 4221720365227953500000000000000000000000000000000000000000000000000000000000000000000000000000000000000000000000000000000000000,0000	 5970414197052069000000000000000000000000000000000000000000000000000000000000000000000000000000000000000000000000000000000000000,0000	 422172036522795300000000000000000000000000000000000000000000000000000000000000000000000000000000000000000000000000000000000000000,0000	 0,0000
190	 0,0000	 0,0000	 105,8911	 58,1766	 4524,8653	 0,0000
191	 0,0000	 0,0000	 24770743945807938000,0000	 35031122038232820000,0000	 2477074394580793700000,0000	 0,0000
192	 0,0000	 0,0000	 1072228400692715700000000000000000000000000000000000000000000000,0000	 1516359946221251800000000000000000000000000000000000000000000000,0000	 107222840069271570000000000000000000000000000000000000000000000000,0000	 0,0000
193	 0,0000	 0,0000	 14745380791871750000000000000000000000000000000000000000000000000000000000000000000000000000000000000000000000000000000000000000000000,0000	 20853117498220755000000000000000000000000000000000000000000000000000000000000000000000000000000000000000000000000000000000000000000000,0000	 1474538079187175000000000000000000000000000000000000000000000000000000000000000000000000000000000000000000000000000000000000000000000000,0000	 0,0000
194	 0,0000	 0,0000	 195531,8283	 276516,3995	 19545261,6573	 0,0000
195	 0,0000	 0,0000	 205272657452098460000000000000000000000000000000000000000000000000000000000000000000000000000000000000000000000000,0000	 290299376153124230000000000000000000000000000000000000000000000000000000000000000000000000000000000000000000000000,0000	 20527265745209845000000000000000000000000000000000000000000000000000000000000000000000000000000000000000000000000000,0000	 0,0000
196	 0,0000	 0,0000	 129,4676	 173,2030	 5082,7178	 0,0000
197	 0,0000	 0,0000	 1730826751484705200000000000000000000000000000000000000000000000000000000000000000000000000000,0000	 2447758666067836400000000000000000000000000000000000000000000000000000000000000000000000000000,0000	 173082675148470530000000000000000000000000000000000000000000000000000000000000000000000000000000,0000	 0,0000
198	 0,0000	 0,0000	 12758,6879	 18030,1623	 1249420,2991	 0,0000
199	 0,0000	 0,0000	 2396439526938999000000000000000000000000000000000000000000000000000000000000,0000	 3389077280404096300000000000000000000000000000000000000000000000000000000000,0000	 239643952693792700000000000000000000000000000000000000000000000000000000000000,0000	 0,0000
200	 0,0000	 0,0000	 642,3838	 836,2933	 59704,7322	 0,0000
201	 0,0000	 0,0000	 1233,1884	 1733,8046	 59162,9401	 0,0000
202	 0,0000	 0,0000	 320982942771350800000000000000000000000000000000000000000000000000000000000000000000000000000000000000000000000000000000000000000000000000000000,0000	 453938430957671300000000000000000000000000000000000000000000000000000000000000000000000000000000000000000000000000000000000000000000000000000000,0000	 32098294277135080000000000000000000000000000000000000000000000000000000000000000000000000000000000000000000000000000000000000000000000000000000000,0000	 0,0000
203	 0,0000	 0,0000	 150,2219	 135,8881	 4553,0344	 0,0000
204	 0,0000	 0,0000	 1215,7698	 1703,1877	 103336,4196	 0,0000
205	 0,0000	 0,0000	 329685109639553000000000000000000000000000000000000000000000000000000000000000000000000000000,0000	 466245153364716700000000000000000000000000000000000000000000000000000000000000000000000000000,0000	 32968510963955302000000000000000000000000000000000000000000000000000000000000000000000000000000,0000	 0,0000
206	 0,0000	 0,0000	 1858616,3152	 2628475,5681	 185853427,2816	 0,0000
207	 0,0000	 0,0000	 834,5834	 1173,4027	 68374,4765	 0,0000
208	 0,0000	 0,0000	 3565329295160281000000000000000000000000000000000000000000000000000000000000000000000000000000000000000000000000000000000000000000000000000000000000000,0000	 5042137043541777000000000000000000000000000000000000000000000000000000000000000000000000000000000000000000000000000000000000000000000000000000000000000,0000	 356532929516028100000000000000000000000000000000000000000000000000000000000000000000000000000000000000000000000000000000000000000000000000000000000000000,0000	 0,0000
209	 0,0000	 0,0000	 125970195051247270000,0000	 178148758296258050000,0000	 12597019505124727000000,0000	 0,0000
210	 0,0000	 0,0000	 71773936015217352,0000	 101503673737619104,0000	 7177393601521718300,0000	 0,0000
211	 0,0000	 0,0000	 124,5857	 165,8787	 4754,8934	 0,0000
212	 0,0000	 0,0000	 22036088125448573000000000000000000000000000000000000000000000000000000000000000000000000000000000000000000000000000000000000000,0000	 31163734688658084000000000000000000000000000000000000000000000000000000000000000000000000000000000000000000000000000000000000000,0000	 2203608812544857000000000000000000000000000000000000000000000000000000000000000000000000000000000000000000000000000000000000000000,0000	 0,0000
213	 0,0000	 0,0000	 524,7306	 652,3668	 51243,2197	 0,0000
214	 0,0000	 0,0000	 200,6517	 274,4211	 10049,7364	 0,0000
215	 0,0000	 0,0000	 552,8924	 778,2038	 23166,2355	 0,0000
216	 0,0000	 0,0000	 176,4795	 241,3406	 13980,4150	 0,0000
217	 0,0000	 0,0000	 545585,5016	 771342,1994	 54551052,7692	 0,0000
218	 0,0000	 0,0000	 70,7524	 92,9157	 4085,4537	 0,0000
219	 0,0000	 0,0000	 123,4820	 163,9778	 5082,7178	 0,0000
220	 0,0000	 0,0000	 88157757578573810000000000000000000000000000000000000000000000000000000000000000000000000000000000000000000000000000000000000000000000000,0000	 124673896396018580000000000000000000000000000000000000000000000000000000000000000000000000000000000000000000000000000000000000000000000000,0000	 8815775757857381000000000000000000000000000000000000000000000000000000000000000000000000000000000000000000000000000000000000000000000000000,0000	 0,0000
221	 0,0000	 0,0000	 58,1793	 72,7053	 2304,9500	 0,0000
222	 0,0000	 0,0000	 5851772989992702000000000000000000000000000000000000,0000	 8275656726376237000000000000000000000000000000000000,0000	 585177298999270150000000000000000000000000000000000000,0000	 0,0000
223	 0,0000	 0,0000	 132293037354004600000000000000000000000000000000000000000000000000000000000000000000000000000000000,0000	 187090607633563780000000000000000000000000000000000000000000000000000000000000000000000000000000000,0000	 13229303735400460000000000000000000000000000000000000000000000000000000000000000000000000000000000000,0000	 0,0000
224	 0,0000	 0,0000	 31,5584	 35,4902	 2347,9677	 0,0000
225	 0,0000	 0,0000	 124,0177	 165,2613	 2293,2682	 0,0000
226	 0,0000	 0,0000	 7771901926207326,0000	 10991129109475960,0000	 777190192620724220,0000	 0,0000
227	 0,0000	 0,0000	 8921330916424369000000000000000000000000000000000,0000	 12616667176425735000000000000000000000000000000000,0000	 892133091642436900000000000000000000000000000000000,0000	 0,0000
228	 0,0000	 0,0000	 1072228400692715700000000000000000000000000000000000000000000000,0000	 1516359946221251800000000000000000000000000000000000000000000000,0000	 107222840069271570000000000000000000000000000000000000000000000000,0000	 0,0000
229	 0,0000	 0,0000	 772163703678168700000000000000000000000000000000000000000000000000000000,0000	 1092004382113905900000000000000000000000000000000000000000000000000000000,0000	 77216370367816870000000000000000000000000000000000000000000000000000000000,0000	 0,0000
230	 0,0000	 0,0000	 67944252623,5740	 96087682995,3711	 6794425247807,4300	 0,0000
231	 0,0000	 0,0000	 1389679888029867400000000000000000000000000000000000000000000000000000000,0000	 1965304145008962500000000000000000000000000000000000000000000000000000000,0000	 138967988802986730000000000000000000000000000000000000000000000000000000000,0000	 0,0000
232	 0,0000	 0,0000	 4927899903508113000000000000000000000000000000000000000000000000000000000000000000000000000000000,0000	 6969102877558239000000000000000000000000000000000000000000000000000000000000000000000000000000000,0000	 492789990350811300000000000000000000000000000000000000000000000000000000000000000000000000000000000,0000	 0,0000
233	 0,0000	 0,0000	 59197,9766	 83562,2312	 5901286,2921	 0,0000
234	 0,0000	 0,0000	 111,7520	 150,2993	 2293,3063	 0,0000
235	 0,0000	 0,0000	 14080544953995880000000000000000000,0000	 19912897639545020000000000000000000,0000	 1408054495399588000000000000000000000,0000	 0,0000
236	 0,0000	 0,0000	 107,5922	 145,7189	 5053,6371	 0,0000
237	 0,0000	 0,0000	 75,7385	 101,3116	 2318,8193	 0,0000
238	 0,0000	 0,0000	 86795666801923280000000000000000000000000000000000000000000000000000000000000000000000000000000000000000000000000000000000000000,0000	 122747609146496100000000000000000000000000000000000000000000000000000000000000000000000000000000000000000000000000000000000000000,0000	 8679566680192328000000000000000000000000000000000000000000000000000000000000000000000000000000000000000000000000000000000000000000,0000	 0,0000
239	 0,0000	 0,0000	 1292577497814684000000,0000	 1827980627827805700000,0000	 129257749781468400000000,0000	 0,0000
240	 0,0000	 0,0000	 168630449213445740000000000000000000000000000000000000000000000000000000000000000000000000000000000,0000	 238479468306722380000000000000000000000000000000000000000000000000000000000000000000000000000000000,0000	 16863044921344575000000000000000000000000000000000000000000000000000000000000000000000000000000000000,0000	 0,0000
241	 0,0000	 0,0000	 62,4508	 12,0983	 4647,7430	 0,0000
242	 0,0000	 0,0000	 30,1027	 30,8335	 2334,2253	 0,0000
243	 0,0000	 0,0000	 550,3981	 762,2651	 54391,1622	 0,0000
244	 0,0000	 0,0000	 97,9507	 132,0123	 3757,7270	 0,0000
245	 0,0000	 0,0000	 14198715248370815000000000000000,0000	 20080015672519677000000000000000,0000	 1419871524837081600000000000000000,0000	 0,0000
246	 0,0000	 0,0000	 6748047639581555000000000000000000000000000000000000000000000000000000000000000000000000000000000000000,0000	 9543180491435986000000000000000000000000000000000000000000000000000000000000000000000000000000000000000,0000	 674804763958155400000000000000000000000000000000000000000000000000000000000000000000000000000000000000000,0000	 0,0000
247	 0,0000	 0,0000	 169656398811981312,0000	 239930380143282368,0000	 16965639881198130000,0000	 0,0000
248	 0,0000	 0,0000	 881910105114047100000000000000000000000,0000	 1247209231446167300000000000000000000000,0000	 88191010511404720000000000000000000000000,0000	 0,0000
249	 0,0000	 0,0000	 2423,8991	 3425,3583	 233229,6165	 0,0000
