Gen	 Best	 B_std_dev	 Mean	 M_std_dev	 Worst	 W_std_dev	 Repeated	 R_std_dev	 Lower	 L_std_dev	 Higher	 H_std_dev
0	 0,0730	 0,0856	 19668734539564077000000000000000000000000000000000000000000,0000	 107729945225493110000000000000000000000000000000000000000000,0000	 1966873453956407800000000000000000000000000000000000000000000,0000	 10772994522549314000000000000000000000000000000000000000000000,0000	 54,8333%	 4,9902%	 0,0000%	 0,0000%	 0,0000%	 0,0000%
1	 0,0225	 0,0437	 7767588215251747000000000000000000000000000000000000000000000,0000	 36216926298964210000000000000000000000000000000000000000000000,0000	 776758821525174800000000000000000000000000000000000000000000000,0000	 3621692629896423000000000000000000000000000000000000000000000000,0000	 65,0333%	 6,1166%	 97,1667%	 2,9952%	 2,8333%	 2,9952%
2	 0,0081	 0,0257	 22177902060496378000000000000000000000000000000000000000,0000	 121473249102703430000000000000000000000000000000000000000,0000	 2217790206049637800000000000000000000000000000000000000000,0000	 12147324910270358000000000000000000000000000000000000000000,0000	 71,7333%	 6,7053%	 96,8333%	 3,2172%	 3,1667%	 3,2172%
3	 0,0025	 0,0105	 19405606926119862000000000000000000000000000000000000000000000000000,0000	 106288886555143340000000000000000000000000000000000000000000000000000,0000	 1940560692611986200000000000000000000000000000000000000000000000000000,0000	 10628888655514333000000000000000000000000000000000000000000000000000000,0000	 72,6000%	 7,9680%	 93,8000%	 4,7879%	 6,2000%	 4,7879%
4	 0,0020	 0,0080	 957636049978356200000000000000000000000000000000000000000000,0000	 5245188664532906000000000000000000000000000000000000000000000,0000	 95763604997835600000000000000000000000000000000000000000000000,0000	 524518866453289750000000000000000000000000000000000000000000000,0000	 69,9333%	 8,8782%	 93,1000%	 10,2262%	 6,9000%	 10,2262%
5	 0,0013	 0,0070	 36030901408368770000000000000000000000000000000000000000000000000000000000,0000	 197349374686082320000000000000000000000000000000000000000000000000000000000,0000	 3603090140836877000000000000000000000000000000000000000000000000000000000000,0000	 19734937468608240000000000000000000000000000000000000000000000000000000000000,0000	 67,1333%	 9,7299%	 90,4333%	 13,7080%	 9,5667%	 13,7080%
6	 0,0000	 0,0000	 400723,2289	 2194788,2415	 40072288,3413	 219478818,4499	 63,5667%	 9,6479%	 87,5000%	 15,1675%	 12,5000%	 15,1675%
7	 0,0000	 0,0000	 27140300780168620000000000000000000000000,0000	 148653549547734100000000000000000000000000,0000	 2714030078016861400000000000000000000000000,0000	 14865354954773402000000000000000000000000000,0000	 60,8667%	 10,4146%	 84,3333%	 15,4011%	 15,6667%	 15,4011%
8	 0,0000	 0,0000	 12,8083	 67,8365	 1254,6435	 6784,7812	 60,0667%	 10,7669%	 78,5667%	 15,7429%	 21,4333%	 15,7429%
9	 0,0000	 0,0000	 4342732677995292400000000,0000	 23786126489528422000000000,0000	 434273267799529300000000000,0000	 2378612648952839000000000000,0000	 57,0333%	 11,1370%	 82,9667%	 14,8033%	 17,0333%	 14,8033%
10	 0,0000	 0,0000	 22965116211297970000000000000000000000000000000,0000	 125785121846554730000000000000000000000000000000,0000	 2296511621129797000000000000000000000000000000000,0000	 12578512184655474000000000000000000000000000000000,0000	 56,4333%	 12,7162%	 77,9333%	 17,5537%	 22,0667%	 17,5537%
11	 0,0000	 0,0000	 952,7236	 5215,9487	 95250,0676	 521596,4568	 57,2000%	 14,3465%	 76,2667%	 16,0751%	 23,7333%	 16,0751%
12	 0,0000	 0,0000	 494917,8040	 2097806,3125	 49491754,7728	 209780608,0801	 56,7000%	 14,4965%	 75,4333%	 17,7641%	 24,5667%	 17,7641%
13	 0,0000	 0,0000	 19108081889967330000,0000	 104659274817910520000,0000	 1910808188996732300000,0000	 10465927481791045000000,0000	 57,2667%	 16,2203%	 79,4000%	 18,1727%	 20,6000%	 18,1727%
14	 0,0000	 0,0000	 16,2794	 60,3313	 1608,3918	 6032,4969	 59,3000%	 15,1797%	 78,4000%	 17,4940%	 21,6000%	 17,4940%
15	 0,0000	 0,0000	 4335,0924	 23742,2874	 433489,4278	 2374226,5781	 59,6000%	 16,8126%	 79,9333%	 17,2585%	 20,0667%	 17,2585%
16	 0,0000	 0,0000	 1337,1278	 5461,3624	 133685,2332	 546122,1241	 60,8000%	 16,0052%	 75,7000%	 16,1739%	 24,3000%	 16,1739%
17	 0,0000	 0,0000	 953278013517105600000000000000000000000000000000000000000,0000	 5221318715770334000000000000000000000000000000000000000000,0000	 95327801351710560000000000000000000000000000000000000000000,0000	 522131871577033500000000000000000000000000000000000000000000,0000	 62,5000%	 16,1347%	 82,7333%	 16,5257%	 17,2667%	 16,5257%
18	 0,0000	 0,0000	 199168946847629000000000000000000000000000000000000000000000000000,0000	 1090893249429937600000000000000000000000000000000000000000000000000,0000	 19916894684762900000000000000000000000000000000000000000000000000000,0000	 109089324942993770000000000000000000000000000000000000000000000000000,0000	 63,5333%	 15,9433%	 79,5000%	 15,9022%	 20,5000%	 15,9022%
19	 0,0000	 0,0000	 30677717000566235000,0000	 168028776139643400000,0000	 3067771700056623000000,0000	 16802877613964354000000,0000	 62,7000%	 17,2410%	 82,3667%	 16,6205%	 17,6333%	 16,6205%
20	 0,0000	 0,0000	 9467,3541	 45340,4142	 946713,4441	 4534026,6424	 64,0667%	 16,8071%	 79,6667%	 18,3835%	 20,3333%	 18,3835%
21	 0,0000	 0,0000	 0,2995	 0,1838	 12,6607	 16,3518	 64,6667%	 17,6368%	 79,8667%	 15,9390%	 20,1333%	 15,9390%
22	 0,0000	 0,0000	 2,6890	 8,9036	 210,2998	 694,1145	 63,0667%	 18,1563%	 75,0000%	 16,9136%	 25,0000%	 16,9136%
23	 0,0000	 0,0000	 44838446144346240,0000	 245590271076674848,0000	 4483844614434623000,0000	 24559027107667490000,0000	 64,5333%	 19,6447%	 78,0000%	 16,8134%	 22,0000%	 16,8134%
24	 0,0000	 0,0000	 26919588557826715000000000000000000000000000000000000000000000000,0000	 147444658918796550000000000000000000000000000000000000000000000000,0000	 2691958855782671600000000000000000000000000000000000000000000000000,0000	 14744465891879655000000000000000000000000000000000000000000000000000,0000	 65,0000%	 19,1185%	 80,8333%	 17,4377%	 19,1667%	 17,4377%
25	 0,0000	 0,0000	 215722449,7449	 1181560066,0327	 21572243193,0327	 118156006933,8900	 64,0333%	 18,9418%	 81,4667%	 16,6996%	 18,5333%	 16,6996%
26	 0,0000	 0,0000	 1006,1818	 5214,1919	 100597,1240	 521410,6766	 65,4667%	 17,1519%	 80,2667%	 15,3284%	 19,7333%	 15,3284%
27	 0,0000	 0,0000	 729241597353067000000000000000000000000,0000	 3994220726738782000000000000000000000000,0000	 72924159735306710000000000000000000000000,0000	 399422072673878300000000000000000000000000,0000	 66,4333%	 16,3004%	 78,4333%	 16,4667%	 21,5667%	 16,4667%
28	 0,0000	 0,0000	 22606816190352065000000000000000000000000000000000000000000000000000000000,0000	 123822631808288340000000000000000000000000000000000000000000000000000000000,0000	 2260681619035206700000000000000000000000000000000000000000000000000000000000,0000	 12382263180828830000000000000000000000000000000000000000000000000000000000000,0000	 65,8000%	 15,5772%	 76,2000%	 16,2701%	 23,8000%	 16,2701%
29	 0,0000	 0,0000	 25615960931433504000000000000000000000000000000000000000,0000	 140304396343171760000000000000000000000000000000000000000,0000	 2561596093143350000000000000000000000000000000000000000000,0000	 14030439634317187000000000000000000000000000000000000000000,0000	 66,6000%	 15,8367%	 81,8000%	 16,7670%	 18,2000%	 16,7670%
30	 0,0000	 0,0000	 92583616108997480000000000000000000000000000000000000000,0000	 507101349982965900000000000000000000000000000000000000000,0000	 9258361610899748000000000000000000000000000000000000000000,0000	 50710134998296590000000000000000000000000000000000000000000,0000	 66,2333%	 16,3110%	 76,4333%	 15,7823%	 23,5667%	 15,7823%
31	 0,0000	 0,0000	 70086844009284440000000000,0000	 383881454482308700000000000,0000	 7008684400928444000000000000,0000	 38388145448230880000000000000,0000	 68,6667%	 17,4006%	 81,6000%	 15,9235%	 18,4000%	 15,9235%
32	 0,0000	 0,0000	 442,8200	 2421,8689	 44264,7293	 242169,7238	 68,7000%	 17,5069%	 80,7333%	 16,5257%	 19,2667%	 16,5257%
33	 0,0000	 0,0000	 842019977624667300000000000000000000000000000000000000000000000000000,0000	 4611933356150254000000000000000000000000000000000000000000000000000000,0000	 84201997762466740000000000000000000000000000000000000000000000000000000,0000	 461193335615025400000000000000000000000000000000000000000000000000000000,0000	 69,7000%	 16,4760%	 69,1000%	 13,8099%	 30,9000%	 13,8099%
34	 0,0000	 0,0000	 6,0286	 24,8842	 580,4868	 2485,4067	 69,0667%	 16,2797%	 78,1000%	 15,5150%	 21,9000%	 15,5150%
35	 0,0000	 0,0000	 1032,6333	 4744,4805	 103244,5946	 474431,2292	 69,1000%	 17,3451%	 78,5000%	 17,3081%	 21,5000%	 17,3081%
36	 0,0000	 0,0000	 49,1361	 267,4485	 4828,1598	 26376,6106	 68,4667%	 16,3638%	 72,3000%	 14,0397%	 27,7000%	 14,0397%
37	 0,0000	 0,0000	 121686497473199770000000000000000000000,0000	 666504396098668900000000000000000000000,0000	 12168649747319980000000000000000000000000,0000	 66650439609866900000000000000000000000000,0000	 70,9333%	 16,1372%	 79,6667%	 14,7703%	 20,3333%	 14,7703%
38	 0,0000	 0,0000	 5599042665432328000000000000000000000000000000000000000000000000000,0000	 30667219682911380000000000000000000000000000000000000000000000000000,0000	 559904266543232800000000000000000000000000000000000000000000000000000,0000	 3066721968291136500000000000000000000000000000000000000000000000000000,0000	 69,8333%	 16,9890%	 74,8667%	 16,9781%	 25,1333%	 16,9781%
39	 0,0000	 0,0000	 127695975676390550000000000000000000000000000000000000000,0000	 699419663805901200000000000000000000000000000000000000000,0000	 12769597567639055000000000000000000000000000000000000000000,0000	 69941966380590120000000000000000000000000000000000000000000,0000	 72,0667%	 16,1735%	 76,9000%	 15,4213%	 23,1000%	 15,4213%
40	 0,0000	 0,0000	 15237307450844778000000000000000000000000,0000	 83458170064692240000000000000000000000000,0000	 1523730745084478000000000000000000000000000,0000	 8345817006469222000000000000000000000000000,0000	 70,3333%	 16,0072%	 76,7667%	 14,8989%	 23,2333%	 14,8989%
41	 0,0000	 0,0000	 17442,8452	 87937,7611	 1744266,8709	 8793775,6271	 72,1000%	 15,4972%	 79,4333%	 17,2860%	 20,5667%	 17,2860%
42	 0,0000	 0,0000	 17335758168222474000000000,0000	 94951858001898880000000000,0000	 1733575816822247500000000000,0000	 9495185800189891000000000000,0000	 72,9333%	 15,7128%	 77,2000%	 16,4325%	 22,8000%	 16,4325%
43	 0,0000	 0,0000	 4285,8754	 23472,6201	 428570,1754	 2347257,1827	 71,6667%	 15,1415%	 76,2000%	 16,4052%	 23,8000%	 16,4052%
44	 0,0000	 0,0000	 3090818418445124500000000000000000000000000,0000	 16929109689348386000000000000000000000000000,0000	 309081841844512440000000000000000000000000000,0000	 1692910968934837700000000000000000000000000000,0000	 72,2000%	 14,8217%	 78,3000%	 15,8052%	 21,7000%	 15,8052%
45	 0,0000	 0,0000	 122266637415978860000000000000000000000,0000	 669681942152183900000000000000000000000,0000	 12226663741597888000000000000000000000000,0000	 66968194215218400000000000000000000000000,0000	 72,3667%	 14,6746%	 78,0667%	 18,2472%	 21,9333%	 18,2472%
46	 0,0000	 0,0000	 1037993084074174800000,0000	 5685322266817824000000,0000	 103799308407417490000000,0000	 568532226681782130000000,0000	 73,4667%	 12,7109%	 82,1667%	 15,8116%	 17,8333%	 15,8116%
47	 0,0000	 0,0000	 4483,4279	 24555,0493	 448328,5258	 2455505,1236	 74,0667%	 14,2827%	 76,8667%	 15,8913%	 23,1333%	 15,8913%
48	 0,0000	 0,0000	 41907904889657434000,0000	 229539048458464360000,0000	 4190790488965743000000,0000	 22953904845846410000000,0000	 73,7333%	 11,7501%	 76,6000%	 15,9192%	 23,4000%	 15,9192%
49	 0,0000	 0,0000	 173,4544	 946,4620	 17327,1664	 94639,4006	 74,8000%	 13,3994%	 80,0667%	 14,4984%	 19,9333%	 14,4984%
50	 0,0000	 0,0000	 0,5865	 1,6976	 42,6770	 169,1133	 75,8000%	 12,6092%	 74,0667%	 17,4473%	 25,9333%	 17,4473%
51	 0,0000	 0,0000	 117403119719488680000000000000,0000	 643043369918435300000000000000,0000	 11740311971948867000000000000000,0000	 64304336991843540000000000000000,0000	 75,1667%	 12,1856%	 76,6333%	 14,9562%	 23,3667%	 14,9562%
52	 0,0000	 0,0000	 23964075,5542	 130713859,3151	 2396407538,4951	 13071385933,5442	 75,6000%	 11,0128%	 80,2333%	 17,1518%	 19,7667%	 17,1518%
53	 0,0000	 0,0000	 392868387099859900000000000000000000000000000000000000,0000	 2151828777452648000000000000000000000000000000000000000,0000	 39286838709985987000000000000000000000000000000000000000,0000	 215182877745265170000000000000000000000000000000000000000,0000	 73,6000%	 11,6281%	 79,6000%	 18,6448%	 20,4000%	 18,6448%
54	 0,0000	 0,0000	 2987742388451664000000000000000000000,0000	 16364539021693384000000000000000000000,0000	 298774238845166370000000000000000000000,0000	 1636453902169338700000000000000000000000,0000	 75,0667%	 12,6843%	 74,9000%	 13,6618%	 25,1000%	 13,6618%
55	 0,0000	 0,0000	 5,8188	 28,9480	 513,0481	 2623,9891	 73,7000%	 13,4758%	 77,2667%	 15,6226%	 22,7333%	 15,6226%
56	 0,0000	 0,0000	 0,9849	 3,3940	 79,2746	 338,1180	 74,7333%	 11,4076%	 77,2333%	 15,1809%	 22,7667%	 15,1809%
57	 0,0000	 0,0000	 95426495172274840000000000000000000000000000000000000,0000	 522672439895127400000000000000000000000000000000000000,0000	 9542649517227483000000000000000000000000000000000000000,0000	 52267243989512790000000000000000000000000000000000000000,0000	 75,9000%	 12,8180%	 75,8667%	 16,8313%	 24,1333%	 16,8313%
58	 0,0000	 0,0000	 35866787345210150000,0000	 196450355092021000000,0000	 3586678734521014700000,0000	 19645035509202096000000,0000	 76,4333%	 12,3949%	 75,5000%	 15,8609%	 24,5000%	 15,8609%
59	 0,0000	 0,0000	 516,7006	 2826,6001	 51594,7247	 282333,1338	 76,8000%	 12,8771%	 76,9000%	 16,5932%	 23,1000%	 16,5932%
60	 0,0000	 0,0000	 148597518990380980000000000000000000000000000000000000000000000000000,0000	 813902131403339600000000000000000000000000000000000000000000000000000,0000	 14859751899038098000000000000000000000000000000000000000000000000000000,0000	 81390213140333940000000000000000000000000000000000000000000000000000000,0000	 76,2000%	 13,0896%	 76,1000%	 17,7168%	 23,9000%	 17,7168%
61	 0,0000	 0,0000	 4525913212890483000000000000000000000000000000000000000000000000000000000000000000000,0000	 24789447600107970000000000000000000000000000000000000000000000000000000000000000000000,0000	 452591321289048300000000000000000000000000000000000000000000000000000000000000000000000,0000	 2478944760010800600000000000000000000000000000000000000000000000000000000000000000000000,0000	 75,7667%	 13,2942%	 77,1333%	 16,6293%	 22,8667%	 16,6293%
62	 0,0000	 0,0000	 79216626190613,2300	 433887303760657,2500	 7921662619061305,0000	 43388730376065720,0000	 75,0667%	 13,3905%	 78,3333%	 15,8557%	 21,6667%	 15,8557%
63	 0,0000	 0,0000	 978641692,3191	 5360241304,4110	 97864169216,7681	 536024130440,8804	 73,7333%	 13,9257%	 77,9000%	 16,5224%	 22,1000%	 16,5224%
64	 0,0000	 0,0000	 640016982609252400000000,0000	 3505517385614791700000000,0000	 64001698260925240000000000,0000	 350551738561479200000000000,0000	 73,5000%	 14,3208%	 77,3000%	 15,0909%	 22,7000%	 15,0909%
65	 0,0000	 0,0000	 3829,5467	 20918,0049	 382938,6868	 2091800,2947	 74,0333%	 14,4687%	 75,9667%	 15,6942%	 24,0333%	 15,6942%
66	 0,0000	 0,0000	 642450953161574400000000000000000000000000000000000000000000000000000000000000,0000	 3518848791372892500000000000000000000000000000000000000000000000000000000000000,0000	 64245095316157440000000000000000000000000000000000000000000000000000000000000000,0000	 351884879137289260000000000000000000000000000000000000000000000000000000000000000,0000	 74,4000%	 13,4128%	 73,7000%	 16,5470%	 26,3000%	 16,5470%
67	 0,0000	 0,0000	 244130757250659,0300	 1337159227261692,2000	 24413075725065884,0000	 133715922726169248,0000	 74,4333%	 13,8482%	 83,5333%	 17,6102%	 16,4667%	 17,6102%
68	 0,0000	 0,0000	 207717552419625,1600	 1137715890484159,5000	 20771755241962496,0000	 113771589048415936,0000	 74,3000%	 12,9858%	 78,7000%	 16,0369%	 21,3000%	 16,0369%
69	 0,0000	 0,0000	 2425,2986	 13266,0727	 215133,5350	 1176643,2544	 75,9333%	 14,0318%	 78,5333%	 17,0511%	 21,4667%	 17,0511%
70	 0,0000	 0,0000	 6251061523321978000000,0000	 34238474046760530000000,0000	 358057690546664040000000,0000	 1961162740006121600000000,0000	 74,2333%	 15,1423%	 77,8333%	 15,3423%	 22,1667%	 15,3423%
71	 0,0000	 0,0000	 65379604753240,8360	 358098825007248,3000	 6537960475324064,0000	 35809882500724824,0000	 74,2667%	 13,2923%	 77,0000%	 15,8875%	 23,0000%	 15,8875%
72	 0,0000	 0,0000	 211843594,8795	 1160297268,2628	 21184359471,4476	 116029726824,6963	 75,0333%	 14,7660%	 83,5333%	 16,8251%	 16,4667%	 16,8251%
73	 0,0000	 0,0000	 0,3847	 0,6563	 20,8462	 54,4010	 74,3333%	 14,7913%	 79,3000%	 18,9011%	 20,7000%	 18,9011%
74	 0,0000	 0,0000	 124266447055822550000000000000000000000000000000000000000000000000000000000,0000	 680635361934954900000000000000000000000000000000000000000000000000000000000,0000	 12426644705582253000000000000000000000000000000000000000000000000000000000000,0000	 68063536193495460000000000000000000000000000000000000000000000000000000000000,0000	 74,9333%	 14,6639%	 73,7667%	 14,8293%	 26,2333%	 14,8293%
75	 0,0000	 0,0000	 31994530833969316000000000000000000000000000000000000000,0000	 175241262545595670000000000000000000000000000000000000000,0000	 3199453083396931400000000000000000000000000000000000000000,0000	 17524126254559565000000000000000000000000000000000000000000,0000	 74,3000%	 13,3859%	 75,4667%	 17,4509%	 24,5333%	 17,4509%
76	 0,0000	 0,0000	 1340893789027458400000000000,0000	 7344377754689122000000000000,0000	 134089378902745820000000000000,0000	 734437775468912100000000000000,0000	 75,5333%	 15,0327%	 75,2000%	 14,3128%	 24,8000%	 14,3128%
77	 0,0000	 0,0000	 2606720644438287800000000000000000000000000,0000	 14277596980732540000000000000000000000000000,0000	 260672064443828770000000000000000000000000000,0000	 1427759698073253500000000000000000000000000000,0000	 74,3000%	 15,5655%	 80,2667%	 16,1586%	 19,7333%	 16,1586%
78	 0,0000	 0,0000	 2,7157	 11,7303	 255,1906	 1173,6606	 75,3000%	 15,1433%	 81,1000%	 17,2013%	 18,9000%	 17,2013%
79	 0,0000	 0,0000	 165154677423106050000000000000000000000000000000000000,0000	 904589423021243500000000000000000000000000000000000000,0000	 16515467742310604000000000000000000000000000000000000000,0000	 90458942302124390000000000000000000000000000000000000000,0000	 76,6000%	 14,0825%	 76,5333%	 17,5847%	 23,4667%	 17,5847%
80	 0,0000	 0,0000	 3,8265	 18,2174	 366,4845	 1822,3834	 75,8667%	 15,7277%	 79,5333%	 17,1841%	 20,4667%	 17,1841%
81	 0,0000	 0,0000	 939152642579002000000000000000000000000000000000000000000000000000000000,0000	 5143950872811058000000000000000000000000000000000000000000000000000000000,0000	 93915264257900190000000000000000000000000000000000000000000000000000000000,0000	 514395087281105500000000000000000000000000000000000000000000000000000000000,0000	 75,7333%	 16,2776%	 78,2000%	 16,3631%	 21,8000%	 16,3631%
82	 0,0000	 0,0000	 53295506035068570000000000,0000	 291911508690597700000000000,0000	 5329550603506856000000000000,0000	 29191150869059776000000000000,0000	 77,7333%	 14,8833%	 80,8667%	 16,9191%	 19,1333%	 16,9191%
83	 0,0000	 0,0000	 89174002140913430000000000000,0000	 488426125155922200000000000000,0000	 8917400214091345000000000000000,0000	 48842612515592230000000000000000,0000	 76,4000%	 16,1877%	 74,5000%	 17,8340%	 25,5000%	 17,8340%
84	 0,0000	 0,0000	 5589977828633396000000000000000000000000000000000,0000	 30617569524042480000000000000000000000000000000000,0000	 558997782863339550000000000000000000000000000000000,0000	 3061756952404251000000000000000000000000000000000000,0000	 77,6667%	 15,1597%	 80,2333%	 15,3481%	 19,7667%	 15,3481%
85	 0,0000	 0,0000	 705506685570258100000000000000000000000000000000000000000,0000	 3864219261575348000000000000000000000000000000000000000000,0000	 70550668557025820000000000000000000000000000000000000000000,0000	 386421926157535000000000000000000000000000000000000000000000,0000	 77,8000%	 14,8867%	 78,1667%	 16,0733%	 21,8333%	 16,0733%
86	 0,0000	 0,0000	 2456436562476666400000000000000000000000000000000000000000,0000	 13454457163489185000000000000000000000000000000000000000000,0000	 245643656247666670000000000000000000000000000000000000000000,0000	 1345445716348918600000000000000000000000000000000000000000000,0000	 76,9667%	 15,2372%	 76,8000%	 17,0484%	 23,2000%	 17,0484%
87	 0,0000	 0,0000	 94,5951	 470,9250	 9430,4854	 47055,6667	 74,9333%	 16,4441%	 80,4667%	 17,4548%	 19,5333%	 17,4548%
88	 0,0000	 0,0000	 797470113982018100000000000000000000000000000000000000000000,0000	 4367923703641672500000000000000000000000000000000000000000000,0000	 79747011398201820000000000000000000000000000000000000000000000,0000	 436792370364167350000000000000000000000000000000000000000000000,0000	 77,7000%	 14,1474%	 76,0333%	 16,3021%	 23,9667%	 16,3021%
89	 0,0000	 0,0000	 78231567271315210000000000000000000000000,0000	 428491941034822340000000000000000000000000,0000	 7823156727131520000000000000000000000000000,0000	 42849194103482210000000000000000000000000000,0000	 75,9333%	 15,7391%	 80,1333%	 17,4291%	 19,8667%	 17,4291%
90	 0,0000	 0,0000	 574346438349783800000000000000000000000000000000000000000,0000	 3145825001069268000000000000000000000000000000000000000000,0000	 57434643834978370000000000000000000000000000000000000000000,0000	 314582500106926750000000000000000000000000000000000000000000,0000	 75,8000%	 15,3856%	 78,0667%	 16,1201%	 21,9333%	 16,1201%
91	 0,0000	 0,0000	 2456436562476666400000000000000000000000000000000000000000,0000	 13454457163489185000000000000000000000000000000000000000000,0000	 245643656247666670000000000000000000000000000000000000000000,0000	 1345445716348918600000000000000000000000000000000000000000000,0000	 75,1333%	 16,3912%	 80,8333%	 14,8070%	 19,1667%	 14,8070%
92	 0,0000	 0,0000	 574346438349783800000000000000000000000000000000000000000,0000	 3145825001069268000000000000000000000000000000000000000000,0000	 57434643834978370000000000000000000000000000000000000000000,0000	 314582500106926750000000000000000000000000000000000000000000,0000	 75,7000%	 16,8383%	 80,5333%	 15,5025%	 19,4667%	 15,5025%
93	 0,0000	 0,0000	 3612268681086792000000000000000000000000000000000000000000000,0000	 19781956352116406000000000000000000000000000000000000000000000,0000	 361226868108679200000000000000000000000000000000000000000000000,0000	 1978195635211640800000000000000000000000000000000000000000000000,0000	 74,8000%	 16,9531%	 76,7000%	 16,0906%	 23,3000%	 16,0906%
94	 0,0000	 0,0000	 2456436562476666400000000000000000000000000000000000000000,0000	 13454457163489185000000000000000000000000000000000000000000,0000	 245643656247666670000000000000000000000000000000000000000000,0000	 1345445716348918600000000000000000000000000000000000000000000,0000	 73,6667%	 16,7256%	 78,0333%	 15,6876%	 21,9667%	 15,6876%
95	 0,0000	 0,0000	 195836835,3331	 1072636950,8377	 19583681756,8971	 107263695416,6728	 74,2667%	 17,8903%	 79,3333%	 17,5093%	 20,6667%	 17,5093%
96	 0,0000	 0,0000	 974,9700	 5336,4857	 97476,6464	 533645,3420	 75,7667%	 16,9109%	 77,2667%	 17,8324%	 22,7333%	 17,8324%
97	 0,0000	 0,0000	 3649623831279558000000000000000000000000000000000000000000000,0000	 19989812988002427000000000000000000000000000000000000000000000,0000	 364962383127955840000000000000000000000000000000000000000000000,0000	 1998981298800243000000000000000000000000000000000000000000000000,0000	 75,3667%	 13,3919%	 76,3000%	 14,7160%	 23,7000%	 14,7160%
98	 0,0000	 0,0000	 11697731698459807000000000,0000	 64071115161748680000000000,0000	 1169773169845980800000000000,0000	 6407111516174871000000000000,0000	 74,4667%	 15,3370%	 78,3667%	 17,3970%	 21,6333%	 17,3970%
99	 0,0000	 0,0000	 708361044253636700000000000000000,0000	 3879853227956321300000000000000000,0000	 70836104425363670000000000000000000,0000	 387985322795631900000000000000000000,0000	 74,9333%	 15,5961%	 79,8333%	 19,1169%	 20,1667%	 19,1169%
