Gen	 Best	 B_std_dev	 Mean	 M_std_dev	 Worst	 W_std_dev	 Repeated	 R_std_dev	 Lower	 L_std_dev	 Higher	 H_std_dev
0	 0,0489	 0,0647	 675975590968747800000000000000000000000000000000000000000000000000000000000000000000,0000	 3702470794964684700000000000000000000000000000000000000000000000000000000000000000000,0000	 67597559096874780000000000000000000000000000000000000000000000000000000000000000000000,0000	 370247079496468570000000000000000000000000000000000000000000000000000000000000000000000,0000	 52,4333%	 4,0657%	 0,0000%	 0,0000%	 0,0000%	 0,0000%
1	 0,0071	 0,0270	 3250151995813498000000000000000000000000000000000000,0000	 17801815634274884000000000000000000000000000000000000,0000	 325015199581349800000000000000000000000000000000000000,0000	 1780181563427490200000000000000000000000000000000000000,0000	 64,8333%	 6,7215%	 97,3000%	 3,5248%	 2,7000%	 3,5248%
2	 0,0062	 0,0239	 180384546725285472,0000	 988006852580354940,0000	 18038454672528546000,0000	 98800685258035480000,0000	 70,9000%	 6,6920%	 95,1667%	 4,0860%	 4,8333%	 4,0860%
3	 0,0034	 0,0186	 346,7484	 1763,9302	 34560,7286	 176377,4011	 71,6667%	 8,0914%	 95,2333%	 3,8118%	 4,7667%	 3,8118%
4	 0,0034	 0,0186	 1440179904562726400000,0000	 7888061055510447000000,0000	 144017990456261380000000,0000	 788806105551046700000000,0000	 69,5333%	 9,2017%	 92,3667%	 10,3240%	 7,6333%	 10,3240%
5	 0,0000	 0,0000	 137665941036106600000000,0000	 754027413056515300000000,0000	 13766594103610660000000000,0000	 75402741305651550000000000,0000	 67,2667%	 9,8329%	 90,7000%	 15,4856%	 9,3000%	 15,4856%
6	 0,0000	 0,0000	 9,7758	 47,9648	 941,4834	 4793,8565	 63,6000%	 11,0504%	 85,2667%	 16,4420%	 14,7333%	 16,4420%
7	 0,0000	 0,0000	 7939,6226	 42904,9664	 793936,0204	 4290496,9468	 59,9667%	 13,2781%	 86,2000%	 14,5990%	 13,8000%	 14,5990%
8	 0,0000	 0,0000	 43,0678	 232,5237	 4284,1249	 23252,9080	 57,9333%	 12,9453%	 82,1333%	 14,1877%	 17,8667%	 14,1877%
9	 0,0000	 0,0000	 1514069124601224500000000000000000000000000000000000,0000	 8292898131661908000000000000000000000000000000000000,0000	 151406912460122430000000000000000000000000000000000000,0000	 829289813166190700000000000000000000000000000000000000,0000	 56,0667%	 13,7162%	 80,1000%	 16,7833%	 19,9000%	 16,7833%
10	 0,0000	 0,0000	 262898012865104000000,0000	 1439951719695007400000,0000	 26289801286510400000000,0000	 143995171969500880000000,0000	 55,2333%	 14,8966%	 76,0000%	 17,6420%	 24,0000%	 17,6420%
11	 0,0000	 0,0000	 67145677672324970000000000000000000000000000000000,0000	 367772023001033700000000000000000000000000000000000,0000	 6714567767232498000000000000000000000000000000000000,0000	 36777202300103365000000000000000000000000000000000000,0000	 55,9333%	 15,2019%	 75,3000%	 16,9444%	 24,7000%	 16,9444%
12	 0,0000	 0,0000	 22683061,8655	 124240186,3905	 2268306168,4465	 12424018639,4247	 56,0667%	 16,8747%	 74,6000%	 17,0933%	 25,4000%	 17,0933%
13	 0,0000	 0,0000	 2526,0750	 13834,0639	 126302,2822	 691700,8222	 56,3667%	 14,6863%	 76,2333%	 16,7470%	 23,7667%	 16,7470%
14	 0,0000	 0,0000	 16,8187	 90,6083	 1664,1425	 9054,1866	 55,1000%	 14,9467%	 76,7000%	 15,9701%	 23,3000%	 15,9701%
15	 0,0000	 0,0000	 131097383504232400000000000000000000000000000000000000000000000000000000000000000000000000000000,0000	 718049941751737400000000000000000000000000000000000000000000000000000000000000000000000000000000,0000	 13109738350423239000000000000000000000000000000000000000000000000000000000000000000000000000000000,0000	 71804994175173730000000000000000000000000000000000000000000000000000000000000000000000000000000000,0000	 57,6000%	 15,2148%	 71,5667%	 16,4079%	 28,4333%	 16,4079%
16	 0,0000	 0,0000	 145,1677	 789,8477	 14496,4836	 78980,2715	 56,7333%	 16,2691%	 78,7667%	 18,9713%	 21,2333%	 18,9713%
17	 0,0000	 0,0000	 47666941669701660000000000000000000000000000000000000,0000	 261082591997785650000000000000000000000000000000000000,0000	 4766694166970166000000000000000000000000000000000000000,0000	 26108259199778586000000000000000000000000000000000000000,0000	 58,2667%	 16,2522%	 78,8667%	 16,5002%	 21,1333%	 16,5002%
18	 0,0000	 0,0000	 375885,8580	 2053588,5907	 37588544,2471	 205358731,7811	 58,8333%	 16,9524%	 77,9667%	 17,5155%	 22,0333%	 17,5155%
19	 0,0000	 0,0000	 46462189172328990000000000000000,0000	 254483890807568740000000000000000,0000	 4646218917232899000000000000000000,0000	 25448389080756877000000000000000000,0000	 60,0667%	 17,5498%	 80,2000%	 17,1834%	 19,8000%	 17,1834%
20	 0,0000	 0,0000	 790139774049978000000000000000000000000000000000000000000000000000000000000000000000000000000,0000	 4327773778292081000000000000000000000000000000000000000000000000000000000000000000000000000000,0000	 79013977404997780000000000000000000000000000000000000000000000000000000000000000000000000000000,0000	 432777377829207900000000000000000000000000000000000000000000000000000000000000000000000000000000,0000	 60,2333%	 16,7922%	 73,8667%	 16,9151%	 26,1333%	 16,9151%
21	 0,0000	 0,0000	 6940,0761	 23626,7587	 693878,0090	 2362288,1928	 62,0000%	 15,3668%	 73,6667%	 15,1346%	 26,3333%	 15,1346%
22	 0,0000	 0,0000	 1,0486	 4,1846	 87,5909	 417,2999	 63,5667%	 15,7298%	 78,7667%	 17,0247%	 21,2333%	 17,0247%
23	 0,0000	 0,0000	 735,7144	 3125,4952	 73553,6993	 312544,5778	 65,5667%	 14,2483%	 72,8333%	 14,8975%	 27,1667%	 14,8975%
24	 0,0000	 0,0000	 196024679368996760000000000000000000000000000000000000000000,0000	 1073671387181170500000000000000000000000000000000000000000000,0000	 19602467936899675000000000000000000000000000000000000000000000,0000	 107367138718117080000000000000000000000000000000000000000000000,0000	 65,5667%	 15,5645%	 76,5333%	 18,6265%	 23,4667%	 18,6265%
25	 0,0000	 0,0000	 2274767664172697200000000000000000000,0000	 12459415627507224000000000000000000000,0000	 227476766417269700000000000000000000000,0000	 1245941562750722700000000000000000000000,0000	 66,6000%	 14,6749%	 76,1333%	 13,9525%	 23,8667%	 13,9525%
26	 0,0000	 0,0000	 4,2748	 20,9779	 410,5303	 2095,3056	 67,9000%	 15,7663%	 74,7000%	 16,4697%	 25,3000%	 16,4697%
27	 0,0000	 0,0000	 0,8466	 3,0705	 67,8849	 306,7856	 69,0000%	 14,5199%	 74,3667%	 17,2557%	 25,6333%	 17,2557%
28	 0,0000	 0,0000	 3178,4455	 16752,2854	 317825,6738	 1675225,2300	 68,3667%	 15,5264%	 72,2667%	 15,3374%	 27,7333%	 15,3374%
29	 0,0000	 0,0000	 8507798548199271,0000	 46599131795581288,0000	 850779854819927170,0000	 4659913179558130700,0000	 67,6667%	 15,5527%	 79,4000%	 16,3951%	 20,6000%	 16,3951%
30	 0,0000	 0,0000	 13471,8069	 73758,4695	 1347162,7033	 7375846,7804	 69,6333%	 13,2885%	 76,9667%	 19,1356%	 23,0333%	 19,1356%
31	 0,0000	 0,0000	 2013,4761	 8382,8204	 200257,5139	 832857,0254	 69,3333%	 16,5890%	 79,1333%	 18,1445%	 20,8667%	 18,1445%
32	 0,0000	 0,0000	 37178,2121	 203530,2992	 3717803,3976	 20353023,1328	 68,9000%	 17,7168%	 79,1333%	 18,9204%	 20,8667%	 18,9204%
33	 0,0000	 0,0000	 4670,3225	 25578,8757	 467015,8709	 2557885,8314	 69,3333%	 17,2713%	 74,4000%	 16,2939%	 25,6000%	 16,2939%
34	 0,0000	 0,0000	 53,8290	 204,4724	 5364,4628	 20434,3114	 68,7000%	 15,5301%	 73,5667%	 15,4734%	 26,4333%	 15,4734%
35	 0,0000	 0,0000	 1211522646844050000000000,0000	 6635782826048514000000000,0000	 121152264684405000000000000,0000	 663578282604851200000000000,0000	 68,1667%	 15,2091%	 74,7667%	 15,9518%	 25,2333%	 15,9518%
36	 0,0000	 0,0000	 94,7328	 484,1817	 9457,7132	 48417,6539	 69,5000%	 13,6981%	 75,7000%	 16,9078%	 24,3000%	 16,9078%
37	 0,0000	 0,0000	 3,6672	 16,1355	 348,2567	 1612,7581	 69,6333%	 15,7884%	 70,4000%	 14,5616%	 29,6000%	 14,5616%
38	 0,0000	 0,0000	 1,0917	 3,4954	 90,7481	 340,2787	 70,0667%	 17,3582%	 73,7667%	 14,9128%	 26,2333%	 14,9128%
39	 0,0000	 0,0000	 45704235364500420000000000000000000000000000000000000000000000000000,0000	 250332406826622340000000000000000000000000000000000000000000000000000,0000	 4570423536450042000000000000000000000000000000000000000000000000000000,0000	 25033240682662226000000000000000000000000000000000000000000000000000000,0000	 69,1333%	 16,8599%	 74,3333%	 15,3271%	 25,6667%	 15,3271%
40	 0,0000	 0,0000	 4981474022595430000000000,0000	 27284656918015167000000000,0000	 498147402259543000000000000,0000	 2728465691801516400000000000,0000	 69,6333%	 18,2142%	 79,4000%	 17,2419%	 20,6000%	 17,2419%
41	 0,0000	 0,0000	 20182938802942040000000000000000000000000000000000000000000000,0000	 110546508591176640000000000000000000000000000000000000000000000,0000	 2018293880294204300000000000000000000000000000000000000000000000,0000	 11054650859117676000000000000000000000000000000000000000000000000,0000	 69,6333%	 17,7793%	 72,9000%	 14,9467%	 27,1000%	 14,9467%
42	 0,0000	 0,0000	 45704235364500420000000000000000000000000000000000000000000000000000,0000	 250332406826622340000000000000000000000000000000000000000000000000000,0000	 4570423536450042000000000000000000000000000000000000000000000000000000,0000	 25033240682662226000000000000000000000000000000000000000000000000000000,0000	 70,0667%	 18,6713%	 76,5667%	 17,2521%	 23,4333%	 17,2521%
43	 0,0000	 0,0000	 1144789083647207800000000000000000000000000,0000	 6270268046992447000000000000000000000000000,0000	 114426373199387410000000000000000000000000000,0000	 626739057748090050000000000000000000000000000,0000	 70,3667%	 17,9952%	 75,8333%	 17,0599%	 24,1667%	 17,0599%
44	 0,0000	 0,0000	 44961929405454135000000000,0000	 246266629643220670000000000,0000	 4496192940545413000000000000,0000	 24626662964322063000000000000,0000	 69,0667%	 18,0094%	 78,9333%	 16,0257%	 21,0667%	 16,0257%
45	 0,0000	 0,0000	 0,5767	 0,9564	 39,5978	 94,9796	 68,5000%	 17,5789%	 73,5333%	 17,3776%	 26,4667%	 17,3776%
46	 0,0000	 0,0000	 10616938765378905000000000,0000	 58151368534490740000000000,0000	 1061693876537890600000000000,0000	 5815136853449075000000000000,0000	 69,7000%	 18,1908%	 78,5667%	 16,8271%	 21,4333%	 16,8271%
47	 0,0000	 0,0000	 28789864400745,0550	 157688581580951,6600	 2878986440074488,0000	 15768858158095164,0000	 70,3667%	 18,4269%	 79,0667%	 19,2943%	 20,9333%	 19,2943%
48	 0,0000	 0,0000	 2434,7258	 13333,8713	 243455,9221	 1333381,8802	 70,3667%	 19,3382%	 76,6000%	 16,9107%	 23,4000%	 16,9107%
49	 0,0000	 0,0000	 37603821536652110000000000000000000000000000000000000000000000000000000000000000000000,0000	 205964613040229440000000000000000000000000000000000000000000000000000000000000000000000,0000	 3760382153665210700000000000000000000000000000000000000000000000000000000000000000000000,0000	 20596461304022932000000000000000000000000000000000000000000000000000000000000000000000000,0000	 70,1333%	 19,7392%	 73,4000%	 16,8883%	 26,6000%	 16,8883%
50	 0,0000	 0,0000	 1632831450218720400000000000000,0000	 8943386178886668000000000000000,0000	 163247040657643900000000000000000,0000	 894140866141545800000000000000000,0000	 71,9333%	 19,2371%	 74,4000%	 16,7118%	 25,6000%	 16,7118%
51	 0,0000	 0,0000	 30251588414794673000000000000000000000000000000000000000000000000,0000	 165694773751450000000000000000000000000000000000000000000000000000,0000	 3025158841479467700000000000000000000000000000000000000000000000000,0000	 16569477375144980000000000000000000000000000000000000000000000000000,0000	 71,2333%	 18,8143%	 73,7000%	 17,3983%	 26,3000%	 17,3983%
52	 0,0000	 0,0000	 159624149302255560000000000000000,0000	 874297472953201800000000000000000,0000	 15962414930225556000000000000000000,0000	 87429747295320190000000000000000000,0000	 70,1667%	 20,7033%	 72,8667%	 15,4980%	 27,1333%	 15,4980%
53	 0,0000	 0,0000	 10616938765378905000000000,0000	 58151368534490740000000000,0000	 1061693876537890600000000000,0000	 5815136853449075000000000000,0000	 71,8333%	 18,5325%	 77,1667%	 15,7285%	 22,8333%	 15,7285%
54	 0,0000	 0,0000	 4087979568014454700000000000,0000	 22330705278137420000000000000,0000	 408797956801445500000000000000,0000	 2233070527813742700000000000000,0000	 71,5333%	 19,2277%	 74,6667%	 15,5792%	 25,3333%	 15,5792%
55	 0,0000	 0,0000	 56,6348	 307,3877	 5644,9789	 30739,1796	 72,0667%	 19,7326%	 71,7333%	 16,6463%	 28,2667%	 16,6463%
56	 0,0000	 0,0000	 277,1191	 1504,4981	 27690,3384	 150450,7051	 72,9000%	 18,1912%	 77,9333%	 17,0353%	 22,0667%	 17,0353%
57	 0,0000	 0,0000	 515338593016518160000000000000000000000000000000000000000000000000000000000000000000000000000000,0000	 2822625721481214400000000000000000000000000000000000000000000000000000000000000000000000000000000,0000	 51533859301651820000000000000000000000000000000000000000000000000000000000000000000000000000000000,0000	 282262572148121100000000000000000000000000000000000000000000000000000000000000000000000000000000000,0000	 71,0667%	 17,6165%	 79,2667%	 17,3482%	 20,7333%	 17,3482%
58	 0,0000	 0,0000	 3034741914890844000000000000000000000000000000000000000000000000000000,0000	 16621966029921383000000000000000000000000000000000000000000000000000000,0000	 303474191489084400000000000000000000000000000000000000000000000000000000,0000	 1662196602992137900000000000000000000000000000000000000000000000000000000,0000	 72,6667%	 17,4935%	 80,0333%	 16,8021%	 19,9667%	 16,8021%
59	 0,0000	 0,0000	 10616938765378905000000000,0000	 58151368534490740000000000,0000	 1061693876537890600000000000,0000	 5815136853449075000000000000,0000	 70,1333%	 18,3317%	 80,8667%	 17,7351%	 19,1333%	 17,7351%
60	 0,0000	 0,0000	 372255054846439500000000000000000000,0000	 2038924906847176300000000000000000000,0000	 37225505484643950000000000000000000000,0000	 203892490684717740000000000000000000000,0000	 70,8333%	 17,2608%	 78,0000%	 18,1203%	 22,0000%	 18,1203%
61	 0,0000	 0,0000	 2589999532133261000000000000,0000	 14186011676772134000000000000,0000	 258999953213326130000000000000,0000	 1418601167677213400000000000000,0000	 71,1667%	 18,2153%	 76,6667%	 19,3129%	 23,3333%	 19,3129%
62	 0,0000	 0,0000	 288,1763	 897,3630	 28796,8873	 89729,9160	 70,4667%	 18,9113%	 72,6000%	 13,5025%	 27,4000%	 13,5025%
63	 0,0000	 0,0000	 372255054846439500000000000000000000,0000	 2038924906847176300000000000000000000,0000	 37225505484643950000000000000000000000,0000	 203892490684717740000000000000000000000,0000	 69,1000%	 17,4817%	 75,4667%	 16,3470%	 24,5333%	 16,3470%
64	 0,0000	 0,0000	 456749095070999200000000000000000000000000000000000000000000000000000000000000000000000000000000000000,0000	 2501717824904579000000000000000000000000000000000000000000000000000000000000000000000000000000000000000,0000	 45674909507099930000000000000000000000000000000000000000000000000000000000000000000000000000000000000000,0000	 250171782490458120000000000000000000000000000000000000000000000000000000000000000000000000000000000000000,0000	 70,6333%	 17,7599%	 78,6667%	 16,4889%	 21,3333%	 16,4889%
65	 0,0000	 0,0000	 24751115918604200000000,0000	 135567445120446970000000,0000	 2475111591860419700000000,0000	 13556744512044695000000000,0000	 70,4333%	 16,0746%	 80,0333%	 16,4054%	 19,9667%	 16,4054%
66	 0,0000	 0,0000	 17162068764731074000000000000000000000000000000000,0000	 94000521958980330000000000000000000000000000000000,0000	 1716206876473107400000000000000000000000000000000000,0000	 9400052195898032000000000000000000000000000000000000,0000	 71,5333%	 17,8610%	 77,6667%	 17,5604%	 22,3333%	 17,5604%
67	 0,0000	 0,0000	 797795714114589900000000000000000000000000000000000000000,0000	 4369707089015035000000000000000000000000000000000000000000,0000	 79779571411458980000000000000000000000000000000000000000000,0000	 436970708901503500000000000000000000000000000000000000000000,0000	 71,5000%	 18,4835%	 72,6667%	 16,2763%	 27,3333%	 16,2763%
68	 0,0000	 0,0000	 5752,0450	 31503,9030	 575168,6939	 3150282,7374	 69,9333%	 19,4864%	 79,9333%	 17,7238%	 20,0667%	 17,7238%
69	 0,0000	 0,0000	 30251588414794673000000000000000000000000000000000000000000000000,0000	 165694773751450000000000000000000000000000000000000000000000000000,0000	 3025158841479467700000000000000000000000000000000000000000000000000,0000	 16569477375144980000000000000000000000000000000000000000000000000000,0000	 70,3333%	 19,1083%	 71,1667%	 14,7463%	 28,8333%	 14,7463%
70	 0,0000	 0,0000	 13298878600399364000000000000000000000000000000000000000000,0000	 72840957989614640000000000000000000000000000000000000000000,0000	 1329887860039936300000000000000000000000000000000000000000000,0000	 7284095798961465000000000000000000000000000000000000000000000,0000	 71,1000%	 18,3347%	 70,4667%	 14,4741%	 29,5333%	 14,4741%
71	 0,0000	 0,0000	 10616938765378905000000000,0000	 58151368534490740000000000,0000	 1061693876537890600000000000,0000	 5815136853449075000000000000,0000	 69,5333%	 19,2815%	 79,8333%	 17,6187%	 20,1667%	 17,6187%
72	 0,0000	 0,0000	 30251588414794673000000000000000000000000000000000000000000000000,0000	 165694773751450000000000000000000000000000000000000000000000000000,0000	 3025158841479467700000000000000000000000000000000000000000000000000,0000	 16569477375144980000000000000000000000000000000000000000000000000000,0000	 70,5000%	 21,1346%	 78,6333%	 17,4168%	 21,3667%	 17,4168%
73	 0,0000	 0,0000	 78434498397609216,0000	 429603440589733760,0000	 7843449839760920600,0000	 42960344058973360000,0000	 69,6667%	 22,2204%	 73,6667%	 17,8100%	 26,3333%	 17,8100%
74	 0,0000	 0,0000	 30251588414794673000000000000000000000000000000000000000000000000,0000	 165694773751450000000000000000000000000000000000000000000000000000,0000	 3025158841479467700000000000000000000000000000000000000000000000000,0000	 16569477375144980000000000000000000000000000000000000000000000000000,0000	 68,8333%	 18,7563%	 73,2000%	 15,5639%	 26,8000%	 15,5639%
75	 0,0000	 0,0000	 18182902810138576000000000,0000	 99591860296806270000000000,0000	 1818290281013857500000000000,0000	 9959186029680626000000000000,0000	 68,7333%	 18,9463%	 80,8667%	 16,0317%	 19,1333%	 16,0317%
76	 0,0000	 0,0000	 44108370960402940000000000,0000	 241591497498184970000000000,0000	 4410837096040294000000000000,0000	 24159149749818493000000000000,0000	 69,9333%	 19,7884%	 79,6000%	 18,6762%	 20,4000%	 18,6762%
77	 0,0000	 0,0000	 61614268894089040000000000,0000	 337475249374814200000000000,0000	 6161426889408905000000000000,0000	 33747524937481483000000000000,0000	 69,1000%	 19,4694%	 79,5667%	 17,7505%	 20,4333%	 17,7505%
78	 0,0000	 0,0000	 87911631683248440000000000000000,0000	 481234581961644600000000000000000,0000	 8791163168324843000000000000000000,0000	 48123458196164430000000000000000000,0000	 70,2000%	 19,3148%	 76,3333%	 14,8332%	 23,6667%	 14,8332%
79	 0,0000	 0,0000	 11530150629205850000000000000000000,0000	 63153234880216010000000000000000000,0000	 1153015062920449800000000000000000000,0000	 6315323488021626000000000000000000000,0000	 70,6000%	 20,0441%	 84,8000%	 15,6853%	 15,2000%	 15,6853%
80	 0,0000	 0,0000	 23616465167679384000000000,0000	 129317460938858650000000000,0000	 2116393517207031000000000000,0000	 11588440144312156000000000000,0000	 69,2667%	 22,2012%	 71,1333%	 15,4980%	 28,8667%	 15,4980%
81	 0,0000	 0,0000	 168217767069800880000000,0000	 921366655972795500000000,0000	 16821776706980086000000000,0000	 92136665597279600000000000,0000	 69,8667%	 20,6159%	 77,3333%	 18,1209%	 22,6667%	 18,1209%
82	 0,0000	 0,0000	 782,3125	 4227,2026	 78213,6538	 422719,3852	 71,6333%	 20,3783%	 76,2000%	 16,2595%	 23,8000%	 16,2595%
83	 0,0000	 0,0000	 21233877530757810000000000,0000	 116302737068981480000000000,0000	 1061693876537890600000000000,0000	 5815136853449075000000000000,0000	 71,5333%	 20,8653%	 78,1667%	 17,4496%	 21,8333%	 17,4496%
84	 0,0000	 0,0000	 4202,8811	 20812,7891	 420267,8403	 2081279,7299	 70,7333%	 18,9899%	 75,2000%	 17,1392%	 24,8000%	 17,1392%
85	 0,0000	 0,0000	 213290020356494440000000000000000000000000000000000000000000000000000000000000000000000000000000000000000000000000000000000000000,0000	 1168237554399880200000000000000000000000000000000000000000000000000000000000000000000000000000000000000000000000000000000000000000,0000	 21329002035649448000000000000000000000000000000000000000000000000000000000000000000000000000000000000000000000000000000000000000000,0000	 116823755439988070000000000000000000000000000000000000000000000000000000000000000000000000000000000000000000000000000000000000000000,0000	 70,1000%	 19,6370%	 78,0333%	 18,2615%	 21,9667%	 18,2615%
86	 0,0000	 0,0000	 3449449879,5856	 18893407865,7808	 344944987942,5943	 1889340786578,4194	 70,6333%	 20,3732%	 76,4000%	 16,0980%	 23,6000%	 16,0980%
87	 0,0000	 0,0000	 510918241414316100000000000000000000000000000000,0000	 2798414458634911500000000000000000000000000000000,0000	 51091824141431610000000000000000000000000000000000,0000	 279841445863491160000000000000000000000000000000000,0000	 71,3667%	 19,5580%	 77,5000%	 17,6357%	 22,5000%	 17,6357%
88	 0,0000	 0,0000	 10616938765529745000000000,0000	 58151368535316930000000000,0000	 1061693876537890600000000000,0000	 5815136853449075000000000000,0000	 72,5000%	 20,4699%	 81,9333%	 17,8363%	 18,0667%	 17,8363%
89	 0,0000	 0,0000	 32340783831457986000000000000000000000000000000000000000000000000000000,0000	 177137768318878900000000000000000000000000000000000000000000000000000000,0000	 3234078383145798400000000000000000000000000000000000000000000000000000000,0000	 17713776831887893000000000000000000000000000000000000000000000000000000000,0000	 72,7000%	 18,2495%	 77,3333%	 17,5996%	 22,6667%	 17,5996%
90	 0,0000	 0,0000	 3731825815149,8160	 20440051796374,5470	 373182581514361,9000	 2044005179634164,0000	 71,8667%	 20,8521%	 76,2333%	 19,2384%	 23,7667%	 19,2384%
91	 0,0000	 0,0000	 30251588414794690000000000000000000000000000000000000000000000000,0000	 165694773751450000000000000000000000000000000000000000000000000000,0000	 3025158841479469200000000000000000000000000000000000000000000000000,0000	 16569477375144977000000000000000000000000000000000000000000000000000,0000	 70,6000%	 20,3344%	 76,2667%	 16,9460%	 23,7333%	 16,9460%
92	 0,0000	 0,0000	 54536358172135970000000000000000000000000000000000,0000	 298707935750600730000000000000000000000000000000000,0000	 5453635817213596400000000000000000000000000000000000,0000	 29870793575060070000000000000000000000000000000000000,0000	 70,5000%	 20,4041%	 79,7667%	 18,2127%	 20,2333%	 18,2127%
93	 0,0000	 0,0000	 76979224757606210000000000000000000000000000000000000000000000000000000000000000000000000000000000000000,0000	 421632578590010700000000000000000000000000000000000000000000000000000000000000000000000000000000000000000,0000	 7697922475760620000000000000000000000000000000000000000000000000000000000000000000000000000000000000000000,0000	 42163257859001060000000000000000000000000000000000000000000000000000000000000000000000000000000000000000000,0000	 70,7333%	 19,5817%	 75,3667%	 17,2517%	 24,6333%	 17,2517%
94	 0,0000	 0,0000	 317396857142999800000000000,0000	 1738454183384655500000000000,0000	 31739685714299980000000000000,0000	 173845418338465650000000000000,0000	 68,9667%	 20,2271%	 77,1333%	 16,7120%	 22,8667%	 16,7120%
95	 0,0000	 0,0000	 95346,2907	 520963,7048	 9534603,2528	 52096361,4149	 69,0333%	 20,9408%	 80,4333%	 17,5218%	 19,5667%	 17,5218%
96	 0,0000	 0,0000	 353516575401922300000000000000000000000000000000000000000000000000000000000000000000000000000000000000000000000000000000000,0000	 1936290027996088000000000000000000000000000000000000000000000000000000000000000000000000000000000000000000000000000000000000,0000	 35351657540192230000000000000000000000000000000000000000000000000000000000000000000000000000000000000000000000000000000000000,0000	 193629002799608820000000000000000000000000000000000000000000000000000000000000000000000000000000000000000000000000000000000000,0000	 69,3000%	 21,8792%	 79,6667%	 16,6471%	 20,3333%	 16,6471%
97	 0,0000	 0,0000	 25992333113794327000000,0000	 142365871686136480000000,0000	 2599233311379432700000000,0000	 14236587168613646000000000,0000	 70,8667%	 21,4424%	 75,0667%	 15,4025%	 24,9333%	 15,4025%
98	 0,0000	 0,0000	 30251588414794673000000000000000000000000000000000000000000000000,0000	 165694773751450000000000000000000000000000000000000000000000000000,0000	 3025158841479467700000000000000000000000000000000000000000000000000,0000	 16569477375144980000000000000000000000000000000000000000000000000000,0000	 72,7000%	 22,2170%	 78,7667%	 16,4708%	 21,2333%	 16,4708%
99	 0,0000	 0,0000	 105818909918002200000000000000000000000,0000	 579594039726969700000000000000000000000,0000	 10581890991799158000000000000000000000000,0000	 57959403972691150000000000000000000000000,0000	 71,9667%	 21,7358%	 76,7667%	 18,1975%	 23,2333%	 18,1975%
